6
CM
1  2  MORSE  8391.346724578041  3.3088968548873328  1.5037393733487898
1  5  MORSE  43200.750105543375  1.7880010400668838  1.0902521835956467
1  6  MORSE  43200.750105543375  1.7880010400668838  1.0863729466284002
1  7  MORSE  43200.750105543375  1.7880010400668838  1.0863730719096965
2  3  MORSE  96026.06582666551  1.6536090772356646  1.2213234099829937
2  4  MORSE  96026.06582666551  1.6536090772356646  1.2213236709474118

9
CM
1  2  3  QUADRATIC  30088.53308135725  117.15586772023306
1  2  4  QUADRATIC  30088.53308135725  117.15593816651936
2  1  5  QUADRATIC  18097.085818708132  106.51597259356411
2  1  6  QUADRATIC  18097.085818708132  108.00819542861649
2  1  7  QUADRATIC  18097.085818708132  108.0081206904817
3  2  4  QUADRATIC  36367.544495857495  125.66389614146078
5  1  6  QUADRATIC  12769.357466344634  110.53798475106196
5  1  7  QUADRATIC  12769.357466344634  110.53792139525763
6  1  7  QUADRATIC  12769.357466344634  112.9584858221211

7
CM
5  1  2  3  DCOSMULT390  -1.2390843619905354  -89.15378089186372
6  1  2  3  DCOSMULT390  -1.2390843619905354  152.08460382234432
7  1  2  3  DCOSMULT390  -1.2390843619905354  29.60772155143406
5  1  2  4  DCOSMULT390NEG  4.090878260929458  89.15591092550179
6  1  2  4  DCOSMULT390NEG  4.090878260929458  -29.605704360290208
7  1  2  4  DCOSMULT390NEG  4.090878260929458  -152.08258663120046
1  3  4  2  DCOSMULT2  11875.905180777598  1.2015369009165864
