0
CM

9
CM
1  2  3  QUADRATIC  25460.364348084637  117.15586772023306
1  2  4  QUADRATIC  25460.364348084637  117.15593816651936
2  1  5  CUBIC  -24627.936439576064  106.51597259356411
2  1  6  CUBIC  -24627.936439576064  108.00819542861649
2  1  7  CUBIC  -24627.936439576064  108.0081206904817
3  2  4  QUADRATIC  18376.711579158626  125.66389614146078
5  1  6  CUBIC  -10337.188174116705  110.53798475106196
5  1  7  CUBIC  -10337.188174116705  110.53792139525763
6  1  7  CUBIC  -10337.188174116705  112.9584858221211

7
CM
5  1  2  3  DCOSMULT3EQ  24.42228288812612  -89.15378089186372
6  1  2  3  DCOSMULT3EQ  24.42228288812612  152.08460382234432
7  1  2  3  DCOSMULT3EQ  24.42228288812612  29.60772155143406
5  1  2  4  DCOSMULT3EQ  24.42228288812612  89.15591092550179
6  1  2  4  DCOSMULT3EQ  24.42228288812612  -29.605704360290208
7  1  2  4  DCOSMULT3EQ  24.42228288812612  -152.08258663120046
1  3  4  2  DCOSMULT2  11610.263756888493  1.2015369009165864
