# Time-averaged data for fix outadO
# TimeStep Number-of-rows
# Row c_adO[1] c_adO[2] c_adO[3]
20000000 360
1 0.25 0 0
2 0.75 0 0
3 1.25 0 0
4 1.75 0 0
5 2.25 0 0
6 2.75 0 0
7 3.25 0 0
8 3.75 0 0
9 4.25 0 0
10 4.75 0 0
11 5.25 0 0
12 5.75 0 0
13 6.25 0 0
14 6.75 0 0
15 7.25 0 0
16 7.75 0 0
17 8.25 0 0
18 8.75 0 0
19 9.25 0 0
20 9.75 0 0
21 10.25 0 0
22 10.75 0 0
23 11.25 0 0
24 11.75 0 0
25 12.25 0 0
26 12.75 0 0
27 13.25 0 0
28 13.75 0 0
29 14.25 0 0
30 14.75 0 0
31 15.25 0 0
32 15.75 0 0
33 16.25 0 0
34 16.75 0 0
35 17.25 0 0
36 17.75 0 0
37 18.25 0 0
38 18.75 0 0
39 19.25 0 0
40 19.75 0 0
41 20.25 0 0
42 20.75 0 0
43 21.25 0 0
44 21.75 0 0
45 22.25 0 0
46 22.75 0 0
47 23.25 0 0
48 23.75 0 0
49 24.25 0 0
50 24.75 0 0
51 25.25 0 0
52 25.75 0 0
53 26.25 0 0
54 26.75 0 0
55 27.25 0 0
56 27.75 0 0
57 28.25 0 0
58 28.75 0 0
59 29.25 0 0
60 29.75 0 0
61 30.25 0 0
62 30.75 0 0
63 31.25 0 0
64 31.75 0 0
65 32.25 0 0
66 32.75 0 0
67 33.25 0 0
68 33.75 0 0
69 34.25 0 0
70 34.75 0 0
71 35.25 0 0
72 35.75 0 0
73 36.25 0 0
74 36.75 0 0
75 37.25 0 0
76 37.75 0 0
77 38.25 0 0
78 38.75 0 0
79 39.25 0 0
80 39.75 0 0
81 40.25 0 0
82 40.75 0 0
83 41.25 0 0
84 41.75 0 0
85 42.25 0 0
86 42.75 0 0
87 43.25 0 0
88 43.75 0 0
89 44.25 0 0
90 44.75 0 0
91 45.25 0 0
92 45.75 0 0
93 46.25 0 0
94 46.75 0 0
95 47.25 0 0
96 47.75 0 0
97 48.25 0 0
98 48.75 0 0
99 49.25 0 0
100 49.75 0 0
101 50.25 0 0
102 50.75 0 0
103 51.25 0 0
104 51.75 0 0
105 52.25 0 0
106 52.75 0 0
107 53.25 0 0
108 53.75 0 0
109 54.25 0 0
110 54.75 0 0
111 55.25 0 0
112 55.75 0 0
113 56.25 0 0
114 56.75 0 0
115 57.25 0 0
116 57.75 0 0
117 58.25 0 0
118 58.75 0 0
119 59.25 0 0
120 59.75 0 0
121 60.25 0 0
122 60.75 0 0
123 61.25 0 0
124 61.75 0 0
125 62.25 0 0
126 62.75 0 0
127 63.25 0 0
128 63.75 0 0
129 64.25 0 0
130 64.75 0 0
131 65.25 0 0
132 65.75 0 0
133 66.25 0 0
134 66.75 0 0
135 67.25 0 0
136 67.75 0 0
137 68.25 0 0
138 68.75 0 0
139 69.25 0 0
140 69.75 0 0
141 70.25 0 0
142 70.75 0 0
143 71.25 0 0
144 71.75 0 0
145 72.25 0 0
146 72.75 0 0
147 73.25 0 0
148 73.75 0 0
149 74.25 0 0
150 74.75 0 0
151 75.25 0 0
152 75.75 2.5e-06 4.88281e-09
153 76.25 0 4.88281e-09
154 76.75 0 4.88281e-09
155 77.25 2.5e-06 9.76563e-09
156 77.75 0 9.76563e-09
157 78.25 2e-06 1.46484e-08
158 78.75 2.5e-06 1.95313e-08
159 79.25 0 1.95313e-08
160 79.75 0 1.95313e-08
161 80.25 4e-06 2.92969e-08
162 80.75 4.5e-06 3.90625e-08
163 81.25 4.5e-06 4.88281e-08
164 81.75 2e-06 5.37109e-08
165 82.25 1.08333e-05 7.32422e-08
166 82.75 1.03333e-05 9.27734e-08
167 83.25 1.6e-05 1.26953e-07
168 83.75 2.5e-06 1.31836e-07
169 84.25 1.98333e-05 1.70898e-07
170 84.75 2.23333e-05 2.09961e-07
171 85.25 4.06667e-05 2.88086e-07
172 85.75 2.51667e-05 3.36914e-07
173 86.25 2.96667e-05 3.95508e-07
174 86.75 5.2e-05 4.98047e-07
175 87.25 3.66667e-05 5.71289e-07
176 87.75 4.36667e-05 6.5918e-07
177 88.25 3.71667e-05 7.37305e-07
178 88.75 6.45e-05 8.64258e-07
179 89.25 8.76667e-05 1.03516e-06
180 89.75 7.11667e-05 1.18164e-06
181 90.25 6.06667e-05 1.30859e-06
182 90.75 9.43333e-05 1.49414e-06
183 91.25 0.000139333 1.75781e-06
184 91.75 0.000143833 2.03613e-06
185 92.25 0.000143333 2.31445e-06
186 92.75 0.000173333 2.65625e-06
187 93.25 0.0002405 3.11523e-06
188 93.75 0.000208333 3.51562e-06
189 94.25 0.000203333 3.90625e-06
190 94.75 0.000262833 4.40918e-06
191 95.25 0.000221333 4.83887e-06
192 95.75 0.0002875 5.39551e-06
193 96.25 0.000360429 6.1084e-06
194 96.75 0.000368833 6.82129e-06
195 97.25 0.000366333 7.52441e-06
196 97.75 0.000451667 8.38867e-06
197 98.25 0.000479262 9.31152e-06
198 98.75 0.000553929 1.03613e-05
199 99.25 0.000499333 1.13037e-05
200 99.75 0.000510833 1.22852e-05
201 100.25 0.000519167 1.32568e-05
202 100.75 0.000626167 1.44287e-05
203 101.25 0.000691833 1.57373e-05
204 101.75 0.000702 1.70605e-05
205 102.25 0.000667 1.82959e-05
206 102.75 0.000783833 1.97754e-05
207 103.25 0.000762667 2.11865e-05
208 103.75 0.000838167 2.27441e-05
209 104.25 0.000885167 2.43945e-05
210 104.75 0.000819167 2.59033e-05
211 105.25 0.000983833 2.77148e-05
212 105.75 0.000936167 2.94385e-05
213 106.25 0.00105683 3.13916e-05
214 106.75 0.000968167 3.31885e-05
215 107.25 0.00103117 3.50781e-05
216 107.75 0.00103767 3.69824e-05
217 108.25 0.001004 3.88477e-05
218 108.75 0.00103117 4.07275e-05
219 109.25 0.00111733 4.27881e-05
220 109.75 0.00113667 4.48584e-05
221 110.25 0.00114367 4.69385e-05
222 110.75 0.00124967 4.92139e-05
223 111.25 0.00125083 5.14941e-05
224 111.75 0.00124133 5.37646e-05
225 112.25 0.0012235 5.59766e-05
226 112.75 0.0014225 5.85254e-05
227 113.25 0.001388 6.10547e-05
228 113.75 0.00143017 6.36279e-05
229 114.25 0.00133717 6.604e-05
230 114.75 0.00137283 6.85498e-05
231 115.25 0.00133917 7.0957e-05
232 115.75 0.00138017 7.3457e-05
233 116.25 0.00145 7.60693e-05
234 116.75 0.00150767 7.87598e-05
235 117.25 0.00146567 8.1377e-05
236 117.75 0.00153 8.41309e-05
237 118.25 0.00141767 8.67187e-05
238 118.75 0.00135683 8.91699e-05
239 119.25 0.00141117 9.17236e-05
240 119.75 0.001578 9.45654e-05
241 120.25 0.00155933 9.73389e-05
242 120.75 0.00157667 0.000100171
243 121.25 0.00142133 0.000102725
244 121.75 0.00159017 0.000105566
245 122.25 0.0015975 0.000108413
246 122.75 0.00155267 0.000111187
247 123.25 0.00150433 0.000113882
248 123.75 0.00162917 0.000116782
249 124.25 0.00165117 0.000119736
250 124.75 0.00172817 0.000122808
251 125.25 0.00158133 0.000125625
252 125.75 0.0017975 0.000128784
253 126.25 0.0017755 0.000131914
254 126.75 0.00174967 0.000135
255 127.25 0.001781 0.000138135
256 127.75 0.00187767 0.000141445
257 128.25 0.00181833 0.000144639
258 128.75 0.00179517 0.000147798
259 129.25 0.00182767 0.000151011
260 129.75 0.00188117 0.000154312
261 130.25 0.00206383 0.000157915
262 130.75 0.00197793 0.000161396
263 131.25 0.0021781 0.000165205
264 131.75 0.00200933 0.000168735
265 132.25 0.002086 0.000172402
266 132.75 0.00225217 0.000176309
267 133.25 0.0021475 0.000180034
268 133.75 0.00233217 0.000184106
269 134.25 0.0024185 0.000188296
270 134.75 0.00243683 0.000192534
271 135.25 0.002487 0.000196865
272 135.75 0.00264717 0.000201465
273 136.25 0.0026955 0.000206147
274 136.75 0.002783 0.000210972
275 137.25 0.00286033 0.000215884
276 137.75 0.002956 0.000221021
277 138.25 0.00306517 0.000226294
278 138.75 0.00325033 0.000231899
279 139.25 0.003244 0.000237461
280 139.75 0.0035225 0.000243481
281 140.25 0.003627 0.000249785
282 140.75 0.00377717 0.000256279
283 141.25 0.00426217 0.000263525
284 141.75 0.0041655 0.00027062
285 142.25 0.00435183 0.000278022
286 142.75 0.0045645 0.000285796
287 143.25 0.0048905 0.000294058
288 143.75 0.00534733 0.000303169
289 144.25 0.00568033 0.000312837
290 144.75 0.00556933 0.000322319
291 145.25 0.00595283 0.000332363
292 145.75 0.00633167 0.000343101
293 146.25 0.006867 0.000354629
294 146.75 0.0074225 0.000367227
295 147.25 0.00760867 0.000379961
296 147.75 0.00793667 0.000393154
297 148.25 0.008616 0.000407593
298 148.75 0.00895933 0.00042251
299 149.25 0.00953767 0.000438433
300 149.75 0.0101606 0.000455161
301 150.25 0.0109238 0.000473076
302 150.75 0.0112965 0.00049168
303 151.25 0.0125492 0.000512383
304 151.75 0.0126382 0.000533096
305 152.25 0.0133422 0.000554878
306 152.75 0.0142172 0.000578115
307 153.25 0.01513 0.000602788
308 153.75 0.015972 0.000628633
309 154.25 0.0167145 0.000655776
310 154.75 0.0176282 0.000684414
311 155.25 0.018692 0.000714727
312 155.75 0.0197148 0.000746528
313 156.25 0.0209907 0.000780215
314 156.75 0.0225358 0.00081646
315 157.25 0.0230265 0.000853359
316 157.75 0.023774 0.000891338
317 158.25 0.025596 0.000932324
318 158.75 0.027022 0.00097521
319 159.25 0.0274275 0.00101879
320 159.75 0.0294745 0.00106545
321 160.25 0.030254 0.0011133
322 160.75 0.0315672 0.00116318
323 161.25 0.0336768 0.0012161
324 161.75 0.0337112 0.00126926
325 162.25 0.0356858 0.0013253
326 162.75 0.0373487 0.00138388
327 163.25 0.038169 0.00144365
328 163.75 0.038899 0.0015044
329 164.25 0.0402787 0.0015673
330 164.75 0.0414028 0.00163191
331 165.25 0.0419167 0.00169713
332 165.75 0.043435 0.00176428
333 166.25 0.0442322 0.00183282
334 166.75 0.0449742 0.00190242
335 167.25 0.0445347 0.00197133
336 167.75 0.0457073 0.00204191
337 168.25 0.0453438 0.00211169
338 168.75 0.0464195 0.00218311
339 169.25 0.0449998 0.00225232
340 169.75 0.0450063 0.00232166
341 170.25 0.0444562 0.0023899
342 170.75 0.0435987 0.00245654
343 171.25 0.0432599 0.00252255
344 171.75 0.0422442 0.00258726
345 172.25 0.0408272 0.00264971
346 172.75 0.0392452 0.00270958
347 173.25 0.0374483 0.00276656
348 173.75 0.0355288 0.00282086
349 174.25 0.0334832 0.00287199
350 174.75 0.0316687 0.00292009
351 175.25 0.0292295 0.00296442
352 175.75 0.0262287 0.00300443
353 176.25 0.0241427 0.0030411
354 176.75 0.0210265 0.00307311
355 177.25 0.0181005 0.00310063
356 177.75 0.0147572 0.00312315
357 178.25 0.0115218 0.00314067
358 178.75 0.0083535 0.00315341
359 179.25 0.004838 0.0031608
360 179.75 0.00161767 0.00316328
