# Time-averaged data for fix outadOt
# TimeStep Number-of-rows
# Row c_adOtight[1] c_adOtight[2] c_adOtight[3]
20000000 360
1 0.25 0 0
2 0.75 0 0
3 1.25 0 0
4 1.75 0 0
5 2.25 0 0
6 2.75 0 0
7 3.25 0 0
8 3.75 0 0
9 4.25 0 0
10 4.75 0 0
11 5.25 0 0
12 5.75 0 0
13 6.25 0 0
14 6.75 0 0
15 7.25 0 0
16 7.75 0 0
17 8.25 0 0
18 8.75 0 0
19 9.25 0 0
20 9.75 0 0
21 10.25 0 0
22 10.75 0 0
23 11.25 0 0
24 11.75 0 0
25 12.25 0 0
26 12.75 0 0
27 13.25 0 0
28 13.75 0 0
29 14.25 0 0
30 14.75 0 0
31 15.25 0 0
32 15.75 0 0
33 16.25 0 0
34 16.75 0 0
35 17.25 0 0
36 17.75 0 0
37 18.25 0 0
38 18.75 0 0
39 19.25 0 0
40 19.75 0 0
41 20.25 0 0
42 20.75 0 0
43 21.25 0 0
44 21.75 0 0
45 22.25 0 0
46 22.75 0 0
47 23.25 0 0
48 23.75 0 0
49 24.25 0 0
50 24.75 0 0
51 25.25 0 0
52 25.75 0 0
53 26.25 0 0
54 26.75 0 0
55 27.25 0 0
56 27.75 0 0
57 28.25 0 0
58 28.75 0 0
59 29.25 0 0
60 29.75 0 0
61 30.25 0 0
62 30.75 0 0
63 31.25 0 0
64 31.75 0 0
65 32.25 0 0
66 32.75 0 0
67 33.25 0 0
68 33.75 0 0
69 34.25 0 0
70 34.75 0 0
71 35.25 0 0
72 35.75 0 0
73 36.25 0 0
74 36.75 0 0
75 37.25 0 0
76 37.75 0 0
77 38.25 0 0
78 38.75 0 0
79 39.25 0 0
80 39.75 0 0
81 40.25 0 0
82 40.75 0 0
83 41.25 0 0
84 41.75 0 0
85 42.25 0 0
86 42.75 0 0
87 43.25 0 0
88 43.75 0 0
89 44.25 0 0
90 44.75 0 0
91 45.25 0 0
92 45.75 0 0
93 46.25 0 0
94 46.75 0 0
95 47.25 0 0
96 47.75 0 0
97 48.25 0 0
98 48.75 0 0
99 49.25 0 0
100 49.75 0 0
101 50.25 0 0
102 50.75 0 0
103 51.25 0 0
104 51.75 0 0
105 52.25 0 0
106 52.75 0 0
107 53.25 0 0
108 53.75 0 0
109 54.25 0 0
110 54.75 0 0
111 55.25 0 0
112 55.75 0 0
113 56.25 0 0
114 56.75 0 0
115 57.25 0 0
116 57.75 0 0
117 58.25 0 0
118 58.75 0 0
119 59.25 0 0
120 59.75 0 0
121 60.25 0 0
122 60.75 0 0
123 61.25 0 0
124 61.75 0 0
125 62.25 0 0
126 62.75 0 0
127 63.25 0 0
128 63.75 0 0
129 64.25 0 0
130 64.75 0 0
131 65.25 0 0
132 65.75 0 0
133 66.25 0 0
134 66.75 0 0
135 67.25 0 0
136 67.75 0 0
137 68.25 0 0
138 68.75 0 0
139 69.25 0 0
140 69.75 0 0
141 70.25 0 0
142 70.75 0 0
143 71.25 0 0
144 71.75 0 0
145 72.25 0 0
146 72.75 0 0
147 73.25 0 0
148 73.75 0 0
149 74.25 0 0
150 74.75 0 0
151 75.25 0 0
152 75.75 0 0
153 76.25 0 0
154 76.75 0 0
155 77.25 0 0
156 77.75 0 0
157 78.25 0 0
158 78.75 0 0
159 79.25 0 0
160 79.75 0 0
161 80.25 0 0
162 80.75 0 0
163 81.25 0 0
164 81.75 0 0
165 82.25 0 0
166 82.75 0 0
167 83.25 0 0
168 83.75 0 0
169 84.25 0 0
170 84.75 0 0
171 85.25 0 0
172 85.75 0 0
173 86.25 0 0
174 86.75 0 0
175 87.25 0 0
176 87.75 0 0
177 88.25 0 0
178 88.75 0 0
179 89.25 0 0
180 89.75 0 0
181 90.25 0 0
182 90.75 0 0
183 91.25 0 0
184 91.75 0 0
185 92.25 0 0
186 92.75 0 0
187 93.25 0 0
188 93.75 0 0
189 94.25 0 0
190 94.75 0 0
191 95.25 0 0
192 95.75 0 0
193 96.25 0 0
194 96.75 0 0
195 97.25 0 0
196 97.75 0 0
197 98.25 0 0
198 98.75 0 0
199 99.25 0 0
200 99.75 0 0
201 100.25 0 0
202 100.75 0 0
203 101.25 0 0
204 101.75 0 0
205 102.25 0 0
206 102.75 0 0
207 103.25 0 0
208 103.75 0 0
209 104.25 2.5e-06 4.88281e-09
210 104.75 0 4.88281e-09
211 105.25 3.33333e-06 9.76563e-09
212 105.75 0 9.76563e-09
213 106.25 0 9.76563e-09
214 106.75 0 9.76563e-09
215 107.25 0 9.76563e-09
216 107.75 2.5e-06 1.46484e-08
217 108.25 5.83333e-06 2.44141e-08
218 108.75 3.33333e-06 2.92969e-08
219 109.25 3.33333e-06 3.41797e-08
220 109.75 1.33333e-05 5.37109e-08
221 110.25 3.33333e-06 5.85938e-08
222 110.75 2.5e-06 6.34766e-08
223 111.25 0 6.34766e-08
224 111.75 3.33333e-06 6.83594e-08
225 112.25 9.16667e-06 8.30078e-08
226 112.75 6.66667e-06 9.27734e-08
227 113.25 0 9.27734e-08
228 113.75 2.08333e-05 1.26953e-07
229 114.25 1.41667e-05 1.51367e-07
230 114.75 2.25e-05 1.9043e-07
231 115.25 2.16667e-05 2.24609e-07
232 115.75 2.66667e-05 2.68555e-07
233 116.25 3.25e-05 3.22266e-07
234 116.75 3e-05 3.71094e-07
235 117.25 6.66667e-05 4.83398e-07
236 117.75 5.91667e-05 5.85938e-07
237 118.25 7.91667e-05 7.17773e-07
238 118.75 7.08333e-05 8.39844e-07
239 119.25 7.08333e-05 9.52148e-07
240 119.75 0.0001125 1.14258e-06
241 120.25 0.000105 1.31348e-06
242 120.75 0.000138333 1.53809e-06
243 121.25 0.000149167 1.78711e-06
244 121.75 0.000146667 2.02637e-06
245 122.25 0.000167833 2.2998e-06
246 122.75 0.000254167 2.71484e-06
247 123.25 0.000209167 3.06641e-06
248 123.75 0.0002775 3.52539e-06
249 124.25 0.000304167 4.02832e-06
250 124.75 0.000366667 4.63867e-06
251 125.25 0.000340333 5.20996e-06
252 125.75 0.000405333 5.87891e-06
253 126.25 0.000441167 6.62598e-06
254 126.75 0.000440833 7.37305e-06
255 127.25 0.000520833 8.2373e-06
256 127.75 0.000481667 9.02832e-06
257 128.25 0.000596167 1e-05
258 128.75 0.000630333 1.10498e-05
259 129.25 0.0006745 1.2168e-05
260 129.75 0.000685333 1.32959e-05
261 130.25 0.000746167 1.45215e-05
262 130.75 0.000875 1.59521e-05
263 131.25 0.000910833 1.74365e-05
264 131.75 0.0008735 1.8877e-05
265 132.25 0.0009525 2.04297e-05
266 132.75 0.00117417 2.23584e-05
267 133.25 0.00119083 2.42822e-05
268 133.75 0.001245 2.63428e-05
269 134.25 0.00148083 2.87305e-05
270 134.75 0.0013975 3.10352e-05
271 135.25 0.001465 3.34326e-05
272 135.75 0.00164667 3.61377e-05
273 136.25 0.00176917 3.9043e-05
274 136.75 0.0018095 4.20166e-05
275 137.25 0.00195283 4.51611e-05
276 137.75 0.00208783 4.85986e-05
277 138.25 0.00220033 5.21631e-05
278 138.75 0.00234617 5.5957e-05
279 139.25 0.002442 5.98779e-05
280 139.75 0.0028175 6.44287e-05
281 140.25 0.0027625 6.896e-05
282 140.75 0.003075 7.396e-05
283 141.25 0.00346083 7.95361e-05
284 141.75 0.003535 8.52246e-05
285 142.25 0.003715 9.11523e-05
286 142.75 0.003992 9.75586e-05
287 143.25 0.00430417 0.000104414
288 143.75 0.004867 0.000112192
289 144.25 0.00511283 0.000120332
290 144.75 0.0050345 0.000128394
291 145.25 0.0055135 0.000137139
292 145.75 0.00593417 0.000146597
293 146.25 0.006474 0.000156807
294 146.75 0.00707417 0.000168091
295 147.25 0.00732 0.00017958
296 147.75 0.00764417 0.000191567
297 148.25 0.00841333 0.000204785
298 148.75 0.00878667 0.000218516
299 149.25 0.00950083 0.000233354
300 149.75 0.0100725 0.000248916
301 150.25 0.0108907 0.000265635
302 150.75 0.0112757 0.000283037
303 151.25 0.012747 0.000302676
304 151.75 0.0128492 0.000322383
305 152.25 0.0134492 0.000343027
306 152.75 0.0146533 0.000365439
307 153.25 0.0154958 0.000389131
308 153.75 0.0165158 0.000414121
309 154.25 0.0172233 0.000440225
310 154.75 0.0183433 0.000468052
311 155.25 0.0194475 0.00049748
312 155.75 0.020425 0.000528408
313 156.25 0.0220528 0.000561367
314 156.75 0.0235525 0.000596777
315 157.25 0.0240733 0.000632876
316 157.75 0.0249678 0.000670093
317 158.25 0.0269753 0.000710356
318 158.75 0.0284242 0.000752544
319 159.25 0.0289358 0.000795347
320 159.75 0.0311412 0.000841338
321 160.25 0.0319795 0.000888589
322 160.75 0.0334333 0.000937915
323 161.25 0.0355982 0.000990166
324 161.75 0.0356958 0.00104264
325 162.25 0.0378628 0.00109808
326 162.75 0.0395728 0.00115595
327 163.25 0.0406753 0.00121517
328 163.75 0.0414293 0.00127542
329 164.25 0.0428145 0.00133773
330 164.75 0.0440703 0.0014018
331 165.25 0.044638 0.00146658
332 165.75 0.046334 0.00153319
333 166.25 0.0471108 0.00160122
334 166.75 0.047885 0.00167039
335 167.25 0.0474977 0.00173884
336 167.75 0.0489158 0.00180911
337 168.25 0.048537 0.00187854
338 168.75 0.049572 0.00194963
339 169.25 0.0480713 0.00201855
340 169.75 0.0482237 0.0020876
341 170.25 0.0476353 0.00215555
342 170.75 0.0465983 0.00222189
343 171.25 0.046275 0.00228764
344 171.75 0.0452525 0.00235214
345 172.25 0.0436915 0.00241442
346 172.75 0.0420092 0.00247413
347 173.25 0.0400803 0.00253091
348 173.75 0.03793 0.00258503
349 174.25 0.03585 0.00263601
350 174.75 0.0339712 0.00268401
351 175.25 0.03131 0.00272825
352 175.75 0.0281342 0.00276812
353 176.25 0.0258637 0.00280469
354 176.75 0.0225617 0.00283661
355 177.25 0.0194417 0.00286403
356 177.75 0.0158517 0.00288647
357 178.25 0.0123753 0.00290394
358 178.75 0.008925 0.00291662
359 179.25 0.00517167 0.00292397
360 179.75 0.00171833 0.00292643
