# Time-averaged data for fix outC
# TimeStep Number-of-rows
# Row c_grC[1] c_grC[2] c_grC[3] c_grC[4] c_grC[5]
20000000 400
1 0.0125 0 0 0 0
2 0.0375 0 0 0 0
3 0.0625 0 0 0 0
4 0.0875 0 0 0 0
5 0.1125 0 0 0 0
6 0.1375 0 0 0 0
7 0.1625 0 0 0 0
8 0.1875 0 0 0 0
9 0.2125 0 0 0 0
10 0.2375 0 0 0 0
11 0.2625 0 0 0 0
12 0.2875 0 0 0 0
13 0.3125 0 0 0 0
14 0.3375 0 0 0 0
15 0.3625 0 0 0 0
16 0.3875 0 0 0 0
17 0.4125 0 0 0 0
18 0.4375 0 0 0 0
19 0.4625 0 0 0 0
20 0.4875 0 0 0 0
21 0.5125 0 0 0 0
22 0.5375 0 0 0 0
23 0.5625 0 0 0 0
24 0.5875 0 0 0 0
25 0.6125 0 0 0 0
26 0.6375 0 0 0 0
27 0.6625 0 0 0 0
28 0.6875 0 0 0 0
29 0.7125 0 0 0 0
30 0.7375 0 0 0 0
31 0.7625 0 0 0 0
32 0.7875 0 0 0 0
33 0.8125 0 0 0 0
34 0.8375 0 0 0 0
35 0.8625 0 0 0 0
36 0.8875 0 0 0 0
37 0.9125 0 0 0 0
38 0.9375 0 0 0 0
39 0.9625 0 0 0 0
40 0.9875 0 0 0 0
41 1.0125 0 0 0 0
42 1.0375 0 0 0 0
43 1.0625 0 0 0 0
44 1.0875 0 0 0 0
45 1.1125 0 0 0 0
46 1.1375 0 0 0 0
47 1.1625 0 0 0 0
48 1.1875 0 0 0 0
49 1.2125 0 0 0 0
50 1.2375 0 0 0 0
51 1.2625 0 0 0 0
52 1.2875 0 0 0 0
53 1.3125 0 0 0 0
54 1.3375 0 0 0 0
55 1.3625 0 0 0 0
56 1.3875 0 0 0 0
57 1.4125 0 0 0 0
58 1.4375 0 0 0 0
59 1.4625 0 0 0 0
60 1.4875 0 0 0 0
61 1.5125 0 0 0 0
62 1.5375 0 0 0 0
63 1.5625 0 0 0 0
64 1.5875 0 0 0 0
65 1.6125 0 0 0.000182346 1e-05
66 1.6375 0 0 8.84106e-05 1.5e-05
67 1.6625 0 0 0.000257315 3e-05
68 1.6875 0 0 0.000249747 4.5e-05
69 1.7125 0 0 0.000242509 6e-05
70 1.7375 0 0 0.000549688 9.5e-05
71 1.7625 0 0 0.000534205 0.00013
72 1.7875 0 0 0.00126132 0.000215
73 1.8125 0 0 0.00187623 0.000345
74 1.8375 0 0 0.00147446 0.00045
75 1.8625 0 0 0.00355369 0.00071
76 1.8875 0 0 0.00332709 0.00096
77 1.9125 0 0 0.00466658 0.00132
78 1.9375 0 0 0.00656779 0.00184
79 1.9625 0 0 0.00935607 0.0026
80 1.9875 0 0 0.012483 0.00364
81 2.0125 0 0 0.0177939 0.00516
82 2.0375 0 0 0.0222139 0.007105
83 2.0625 0 0 0.0286448 0.009675
84 2.0875 0 0 0.0360143 0.012985
85 2.1125 0 0 0.0461633 0.01733
86 2.1375 0 0 0.0602407 0.023135
87 2.1625 0 0 0.0757371 0.030605
88 2.1875 0.000297253 1.5e-05 0.0930401 0.039995
89 2.2125 0.0025183 0.000145 0.122186 0.05261
90 2.2375 0.00587173 0.000455 0.149066 0.06835
91 2.2625 0.0110223 0.00105 0.190296 0.088895
92 2.2875 0.0217465 0.00225 0.231782 0.114475
93 2.3125 0.0434444 0.0047 0.28261 0.14635
94 2.3375 0.0725444 0.00888 0.340594 0.1856
95 2.3625 0.130227 0.016545 0.400916 0.232795
96 2.3875 0.189482 0.027935 0.466011 0.28882
97 2.4125 0.270705 0.04455 0.528865 0.35374
98 2.4375 0.391826 0.0691 0.600628 0.429005
99 2.4625 0.498928 0.101005 0.657496 0.513095
100 2.4875 0.607796 0.140665 0.720092 0.60707
101 2.5125 0.732459 0.189425 0.78342 0.711375
102 2.5375 0.879728 0.24916 0.846555 0.82634
103 2.5625 1.02302 0.32 0.882973 0.948625
104 2.5875 1.19781 0.40457 0.933659 1.08047
105 2.6125 1.34269 0.50121 0.982392 1.22188
106 2.6375 1.45592 0.608015 1.01198 1.37035
107 2.6625 1.57418 0.725695 1.0652 1.52961
108 2.6875 1.65991 0.852125 1.09772 1.69684
109 2.7125 1.70923 0.984745 1.13242 1.87257
110 2.7375 1.77142 1.12473 1.14331 2.05327
111 2.7625 1.83195 1.27216 1.18689 2.2443
112 2.7875 1.85147 1.42387 1.22406 2.4449
113 2.8125 1.88218 1.58088 1.22691 2.6496
114 2.8375 1.90981 1.74304 1.25859 2.86332
115 2.8625 1.91682 1.90867 1.2922 3.08663
116 2.8875 1.87234 2.07329 1.30913 3.31684
117 2.9125 1.85129 2.2389 1.33474 3.55564
118 2.9375 1.84469 2.40676 1.35464 3.80218
119 2.9625 1.83395 2.57649 1.37218 4.05617
120 2.9875 1.80492 2.74637 1.38897 4.31763
121 3.0125 1.74505 2.91338 1.41347 4.58818
122 3.0375 1.69985 3.07876 1.44033 4.86845
123 3.0625 1.66124 3.24307 1.46284 5.15782
124 3.0875 1.61231 3.40515 1.49455 5.4583
125 3.1125 1.55255 3.56376 1.53079 5.77108
126 3.1375 1.52193 3.72175 1.58474 6.1001
127 3.1625 1.48279 3.87814 1.6281 6.44353
128 3.1875 1.44264 4.03271 1.67564 6.8026
129 3.2125 1.39331 4.18434 1.73133 7.17945
130 3.2375 1.37097 4.33588 1.76947 7.57061
131 3.2625 1.35378 4.48784 1.78542 7.97142
132 3.2875 1.29067 4.63494 1.79347 8.38023
133 3.3125 1.26689 4.78153 1.77514 8.79104
134 3.3375 1.23075 4.9261 1.74264 9.20044
135 3.3625 1.20048 5.06923 1.68523 9.6023
136 3.3875 1.19357 5.21367 1.62638 9.99592
137 3.4125 1.15456 5.35546 1.56888 10.3813
138 3.4375 1.13779 5.49724 1.49894 10.7548
139 3.4625 1.10359 5.63676 1.44791 11.1209
140 3.4875 1.1047 5.77845 1.38647 11.4766
141 3.5125 1.0926 5.92061 1.34163 11.8257
142 3.5375 1.06096 6.06061 1.29104 12.1664
143 3.5625 1.0428 6.20018 1.2736 12.5074
144 3.5875 1.01115 6.33742 1.23668 12.843
145 3.6125 0.998472 6.47483 1.21218 13.1767
146 3.6375 0.990278 6.613 1.18694 13.5079
147 3.6625 0.985924 6.75247 1.16776 13.8383
148 3.6875 0.985293 6.89375 1.1444 14.1665
149 3.7125 0.952184 7.03214 1.12539 14.4936
150 3.7375 0.96722 7.17463 1.10046 14.8179
151 3.7625 0.953505 7.31697 1.08992 15.1433
152 3.7875 0.945421 7.45999 1.06794 15.4664
153 3.8125 0.954526 7.6063 1.04356 15.7863
154 3.8375 0.960192 7.75542 1.03891 16.109
155 3.8625 0.953651 7.90545 1.01469 16.4282
156 3.8875 0.959747 8.0584 0.991434 16.7443
157 3.9125 0.976977 8.21612 0.977844 17.06
158 3.9375 0.960665 8.37318 0.971904 17.3778
159 3.9625 0.98977 8.53707 0.958864 17.6953
160 3.9875 1.00376 8.70537 0.945506 18.0124
161 4.0125 1.02404 8.87923 0.936397 18.3303
162 4.0375 1.04287 9.05851 0.931381 18.6506
163 4.0625 1.07336 9.24532 0.915658 18.9693
164 4.0875 1.10276 9.43961 0.916552 19.2923
165 4.1125 1.13097 9.64132 0.90313 19.6144
166 4.1375 1.16694 9.85199 0.898855 19.939
167 4.1625 1.20069 10.0714 0.889527 20.264
168 4.1875 1.23477 10.2997 0.892524 20.5941
169 4.2125 1.24782 10.5332 0.887867 20.9264
170 4.2375 1.24544 10.769 0.888129 21.2627
171 4.2625 1.24938 11.0084 0.885101 21.6019
172 4.2875 1.23846 11.2485 0.884068 21.9447
173 4.3125 1.19857 11.4836 0.881331 22.2904
174 4.3375 1.14135 11.71 0.889736 22.6434
175 4.3625 1.08827 11.9284 0.886294 22.9992
176 4.3875 1.0327 12.1381 0.896235 23.363
177 4.4125 0.970817 12.3374 0.888592 23.7279
178 4.4375 0.923599 12.5292 0.886181 24.096
179 4.4625 0.899875 12.7182 0.889029 24.4694
180 4.4875 0.866402 12.9022 0.900083 24.8517
181 4.5125 0.836757 13.0818 0.906995 25.2412
182 4.5375 0.820055 13.2599 0.911318 25.6369
183 4.5625 0.805968 13.4368 0.918988 26.0404
184 4.5875 0.797613 13.6138 0.926538 26.4516
185 4.6125 0.797057 13.7926 0.934707 26.871
186 4.6375 0.791221 13.9721 0.948665 27.3014
187 4.6625 0.797568 14.1549 0.952139 27.7379
188 4.6875 0.803174 14.341 0.964819 28.185
189 4.7125 0.801934 14.5288 0.970269 28.6395
190 4.7375 0.810942 14.7208 0.972784 29.1
191 4.7625 0.817209 14.9162 0.975799 29.5668
192 4.7875 0.811034 15.1123 0.969844 30.0356
193 4.8125 0.812088 15.3106 0.964759 30.5068
194 4.8375 0.817129 15.5123 0.9639 30.9826
195 4.8625 0.826916 15.7184 0.955769 31.4592
196 4.8875 0.823778 15.926 0.953171 31.9394
197 4.9125 0.833412 16.138 0.941225 32.4185
198 4.9375 0.834057 16.3525 0.938613 32.9011
199 4.9625 0.850703 16.5734 0.927485 33.3828
200 4.9875 0.856911 16.7982 0.931562 33.8716
201 5.0125 0.858783 17.0257 0.925407 34.3619
202 5.0375 0.857604 17.2552 0.918197 34.8534
203 5.0625 0.862642 17.4884 0.917254 35.3492
204 5.0875 0.869279 17.7256 0.91677 35.8496
205 5.1125 0.880172 17.9682 0.921368 36.3576
206 5.1375 0.883896 18.2143 0.925671 36.8729
207 5.1625 0.894641 18.4657 0.933299 37.3975
208 5.1875 0.893068 18.7191 0.93924 37.9305
209 5.2125 0.908098 18.9793 0.938532 38.4684
210 5.2375 0.913346 19.2435 0.946438 39.0159
211 5.2625 0.9227 19.513 0.952781 39.5724
212 5.2875 0.939604 19.79 0.958183 40.1374
213 5.3125 0.945532 20.0714 0.962323 40.7102
214 5.3375 0.967318 20.362 0.966236 41.2908
215 5.3625 0.969729 20.6561 0.970001 41.8791
216 5.3875 0.970454 20.9532 0.974587 42.4757
217 5.4125 0.979005 21.2556 0.976416 43.079
218 5.4375 0.982307 21.5619 0.975957 43.6876
219 5.4625 0.988702 21.873 0.986827 44.3086
220 5.4875 1.00979 22.1936 0.989256 44.9369
221 5.5125 1.01385 22.5185 0.995696 45.5751
222 5.5375 1.01427 22.8465 0.996536 46.2196
223 5.5625 1.02982 23.1825 1.00141 46.8731
224 5.5875 1.03031 23.5217 1.0143 47.5409
225 5.6125 1.03103 23.8642 1.01165 48.213
226 5.6375 1.03536 24.2112 1.01124 48.8909
227 5.6625 1.04641 24.5651 1.01154 49.5749
228 5.6875 1.05271 24.9242 1.01945 50.2704
229 5.7125 1.04929 25.2852 1.02281 50.9744
230 5.7375 1.05783 25.6525 1.02421 51.6855
231 5.7625 1.05277 26.0211 1.02131 52.4008
232 5.7875 1.05108 26.3924 1.02053 53.1217
233 5.8125 1.05378 26.7678 1.02517 53.8522
234 5.8375 1.05423 27.1467 1.02824 54.5912
235 5.8625 1.05587 27.5294 1.0302 55.338
236 5.8875 1.05662 27.9156 1.027 56.0888
237 5.9125 1.05412 28.3042 1.03091 56.8489
238 5.9375 1.05611 28.6968 1.02903 57.614
239 5.9625 1.05988 29.0942 1.03237 58.3881
240 5.9875 1.06087 29.4952 1.03629 59.1716
241 6.0125 1.05816 29.8986 1.03614 59.9616
242 6.0375 1.06083 30.3064 1.03588 60.758
243 6.0625 1.06563 30.7194 1.02907 61.5557
244 6.0875 1.06762 31.1366 1.0329 62.363
245 6.1125 1.08295 31.5633 1.03824 63.1812
246 6.1375 1.07612 31.9908 1.03385 64.0025
247 6.1625 1.06867 32.4188 1.03235 64.8294
248 6.1875 1.07574 32.8531 1.02689 65.6586
249 6.2125 1.06934 33.2883 1.03211 66.4987
250 6.2375 1.07156 33.728 1.02608 67.3407
251 6.2625 1.06596 34.1688 1.0246 68.1882
252 6.2875 1.06586 34.6132 1.0278 69.0452
253 6.3125 1.07183 35.0636 1.0197 69.9021
254 6.3375 1.05357 35.5098 1.01856 70.7649
255 6.3625 1.06079 35.9627 1.02629 71.6412
256 6.3875 1.06108 36.4192 1.01802 72.5172
257 6.4125 1.04568 36.8726 1.01633 73.3986
258 6.4375 1.04661 37.33 1.01798 74.2884
259 6.4625 1.04106 37.7885 1.01622 75.1835
260 6.4875 1.03725 38.2489 1.01659 76.0859
261 6.5125 1.03679 38.7126 1.02271 77.0007
262 6.5375 1.03519 39.1792 1.0241 77.9239
263 6.5625 1.03148 39.6476 1.01545 78.8462
264 6.5875 1.02306 40.1158 1.01879 79.7786
265 6.6125 1.02784 40.5897 1.02094 80.7202
266 6.6375 1.02062 41.0639 1.01181 81.6603
267 6.6625 1.01205 41.5376 1.01312 82.6088
268 6.6875 1.01041 42.0142 1.0171 83.5682
269 6.7125 1.01167 42.4949 1.01671 84.5344
270 6.7375 0.997975 42.9726 1.01522 85.5063
271 6.7625 0.991605 43.4508 1.01145 86.4819
272 6.7875 0.990448 43.932 1.01612 87.4692
273 6.8125 0.990966 44.417 1.00914 88.457
274 6.8375 0.986127 44.9032 1.01571 89.4585
275 6.8625 0.991157 45.3954 1.0129 90.4646
276 6.8875 0.995149 45.8932 1.01209 91.4772
277 6.9125 0.99104 46.3926 1.0122 92.4973
278 6.9375 0.989112 46.8946 1.01112 93.5236
279 6.9625 0.979449 47.3953 1.00909 94.5553
280 6.9875 0.986728 47.9034 1.0103 95.5957
281 7.0125 0.979136 48.4111 1.01118 96.6445
282 7.0375 0.981344 48.9237 1.00927 97.6987
283 7.0625 0.985189 49.4419 1.00254 98.7534
284 7.0875 0.977892 49.9599 1.00386 99.8169
285 7.1125 0.979999 50.4827 1.00657 100.891
286 7.1375 0.972318 51.005 1.00645 101.972
287 7.1625 0.976291 51.5332 0.999766 103.054
288 7.1875 0.982902 52.0687 0.996921 104.14
289 7.2125 0.982398 52.6076 0.994411 105.231
290 7.2375 0.980493 53.1492 0.999085 106.335
291 7.2625 0.98411 53.6966 0.99794 107.445
292 7.2875 0.98744 54.2496 0.995609 108.56
293 7.3125 0.984362 54.8047 0.996354 109.684
294 7.3375 0.981364 55.3618 0.992412 110.811
295 7.3625 0.989021 55.9272 0.996731 111.95
296 7.3875 0.986534 56.495 0.993202 113.094
297 7.4125 0.982169 57.064 0.992266 114.243
298 7.4375 0.987535 57.6401 0.991975 115.401
299 7.4625 0.98459 58.2183 0.993492 116.568
300 7.4875 0.979802 58.7976 0.996624 117.746
301 7.5125 0.981214 59.3816 0.994299 118.93
302 7.5375 0.980266 59.9689 0.997074 120.124
303 7.5625 0.985634 60.5633 0.987147 121.315
304 7.5875 0.996519 61.1683 0.99105 122.518
305 7.6125 0.997127 61.7777 0.993736 123.733
306 7.6375 0.995682 62.3901 0.991017 124.952
307 7.6625 0.995131 63.0063 0.992914 126.182
308 7.6875 1.00199 63.6307 0.990206 127.416
309 7.7125 0.994155 64.2543 0.993418 128.662
310 7.7375 1.00003 64.8857 0.992695 129.916
311 7.7625 0.997929 65.5198 0.99082 131.175
312 7.7875 0.998467 66.1584 0.991227 132.443
313 7.8125 1.00064 66.8024 0.990118 133.717
314 7.8375 1.00366 67.4526 0.988018 134.997
315 7.8625 1.00662 68.1088 0.989848 136.288
316 7.8875 1.00819 68.7702 0.991151 137.588
317 7.9125 1.00088 69.431 0.988779 138.894
318 7.9375 0.993416 70.0911 0.995007 140.216
319 7.9625 1.00534 70.7632 0.992983 141.544
320 7.9875 1.00353 71.4384 0.994346 142.882
321 8.0125 0.999809 72.1153 0.992501 144.226
322 8.0375 0.998443 72.7955 0.992656 145.578
323 8.0625 1.0016 73.4821 0.995761 146.944
324 8.0875 0.995298 74.1686 0.994997 148.316
325 8.1125 1.00499 74.8661 0.995405 149.698
326 8.1375 1.00378 75.567 0.998728 151.093
327 8.1625 1.0052 76.2733 0.996729 152.493
328 8.1875 1.00251 76.982 0.996894 153.903
329 8.2125 0.994995 77.6897 1.00131 155.327
330 8.2375 0.996288 78.4026 1.00115 156.76
331 8.2625 1.00221 79.1241 0.999842 158.2
332 8.2875 0.996073 79.8455 1.00204 159.651
333 8.3125 1.00055 80.5746 0.999392 161.107
334 8.3375 1.0087 81.314 0.998267 162.571
335 8.3625 1.0056 82.0556 0.995972 164.04
336 8.3875 1.00562 82.8017 0.999873 165.524
337 8.4125 1.00267 83.55 1.00372 167.022
338 8.4375 0.996982 84.2984 1.00383 168.529
339 8.4625 1.00661 85.0586 1.00097 170.041
340 8.4875 1.0013 85.8193 1.00608 171.569
341 8.5125 1.00566 86.5878 0.99936 173.097
342 8.5375 1.00432 87.3597 1.00235 174.638
343 8.5625 1.00481 88.1366 1.00856 176.197
344 8.5875 1.00053 88.9147 1.00512 177.761
345 8.6125 1.00275 89.699 1.00681 179.336
346 8.6375 0.999933 90.4857 1.00348 180.915
347 8.6625 1.0042 91.2804 1.00222 182.501
348 8.6875 1.00279 92.0785 1.00331 184.098
349 8.7125 0.999631 92.8787 1.00184 185.702
350 8.7375 0.999962 93.6837 1.00367 187.318
351 8.7625 0.998982 94.4926 1.00244 188.941
352 8.7875 0.99944 95.3065 1.0071 190.581
353 8.8125 0.997416 96.1233 1.00231 192.223
354 8.8375 0.99702 96.9445 1.00591 193.88
355 8.8625 0.997651 97.7708 1.00195 195.54
356 8.8875 0.998607 98.6026 1.00492 197.214
357 8.9125 0.994188 99.4354 1.00383 198.896
358 8.9375 0.994451 100.273 1.00685 200.592
359 8.9625 0.998751 101.119 1.00423 202.293
360 8.9875 1.00644 101.976 1.00137 203.999
361 9.0125 0.998995 102.832 1.00514 205.721
362 9.0375 1.00314 103.696 0.999351 207.443
363 9.0625 0.998001 104.56 0.998835 209.173
364 9.0875 0.999608 105.431 1.00076 210.916
365 9.1125 0.998699 106.306 0.998299 212.664
366 9.1375 0.995008 107.182 0.999974 214.425
367 9.1625 0.99948 108.066 1.00258 216.2
368 9.1875 0.998362 108.955 1.00089 217.982
369 9.2125 0.995683 109.846 0.999431 219.771
370 9.2375 0.998219 110.745 0.999594 221.57
371 9.2625 1.00103 111.65 1.00112 223.382
372 9.2875 1.00031 112.56 0.994981 225.192
373 9.3125 0.996671 113.472 0.999949 227.021
374 9.3375 0.996953 114.388 0.997701 228.855
375 9.3625 0.996872 115.31 0.99826 230.701
376 9.3875 0.998241 116.237 0.996329 232.553
377 9.4125 1.00045 117.172 0.99788 234.417
378 9.4375 1.00041 118.112 0.995414 236.287
379 9.4625 0.997582 119.054 0.993778 238.164
380 9.4875 0.991515 119.995 0.99687 240.056
381 9.5125 0.990424 120.94 0.996756 241.959
382 9.5375 0.995309 121.895 0.996685 243.871
383 9.5625 0.991314 122.851 0.998716 245.797
384 9.5875 0.993667 123.814 0.998275 247.732
385 9.6125 0.987684 124.776 0.994472 249.67
386 9.6375 0.987844 125.744 0.996285 251.622
387 9.6625 0.990255 126.719 0.99478 253.581
388 9.6875 0.999388 127.708 0.994222 255.549
389 9.7125 0.996758 128.699 0.990257 257.519
390 9.7375 0.998357 129.698 0.993697 259.506
391 9.7625 0.993151 130.696 0.996044 261.508
392 9.7875 0.998131 131.704 0.993533 263.516
393 9.8125 1.0031 132.723 0.99105 265.528
394 9.8375 1.00283 133.746 0.990573 267.55
395 9.8625 1.00107 134.773 0.996659 269.595
396 9.8875 0.996594 135.8 0.993214 271.643
397 9.9125 1.00245 136.839 0.997 273.709
398 9.9375 0.99917 137.88 0.995697 275.782
399 9.9625 1.00406 138.93 1.00138 277.879
400 9.9875 1.00343 139.986 0.998538 279.979
