# Time-averaged data for fix outH
# TimeStep Number-of-rows
# Row c_grH[1] c_grH[2] c_grH[3] c_grH[4] c_grH[5]
20000000 400
1 0.0125 0 0 0 0
2 0.0375 0 0 0 0
3 0.0625 0 0 0 0
4 0.0875 0 0 0 0
5 0.1125 0 0 0 0
6 0.1375 0 0 0 0
7 0.1625 0 0 0 0
8 0.1875 0 0 0 0
9 0.2125 0 0 0 0
10 0.2375 0 0 0 0
11 0.2625 0 0 0 0
12 0.2875 0 0 0 0
13 0.3125 0 0 0 0
14 0.3375 0 0 0 0
15 0.3625 0 0 0 0
16 0.3875 0 0 0 0
17 0.4125 0 0 0 0
18 0.4375 0 0 0 0
19 0.4625 0 0 0 0
20 0.4875 0 0 0 0
21 0.5125 0 0 0 0
22 0.5375 0 0 0 0
23 0.5625 0 0 0 0
24 0.5875 0 0 0 0
25 0.6125 0 0 0 0
26 0.6375 0 0 0 0
27 0.6625 0 0 0 0
28 0.6875 0 0 0 0
29 0.7125 0 0 0 0
30 0.7375 0 0 0 0
31 0.7625 0 0 0 0
32 0.7875 0 0 0 0
33 0.8125 0 0 0 0
34 0.8375 0 0 0 0
35 0.8625 0 0 0 0
36 0.8875 0 0 0 0
37 0.9125 0 0 0 0
38 0.9375 0 0 0 0
39 0.9625 0 0 0 0
40 0.9875 0 0 0 0
41 1.0125 0 0 0 0
42 1.0375 0 0 7.34103e-05 1.66667e-06
43 1.0625 0 0 0 1.66667e-06
44 1.0875 0 0 0 1.66667e-06
45 1.1125 0 0 6.38463e-05 3.33333e-06
46 1.1375 0 0 6.10708e-05 5e-06
47 1.1625 0 0 0.000175417 1e-05
48 1.1875 0 0 5.60365e-05 1.16667e-05
49 1.2125 0 0 0.000644995 3.16667e-05
50 1.2375 0 0 0.000928798 6.16667e-05
51 1.2625 0 0 0.000793226 8.83333e-05
52 1.2875 0 0 0.0019068 0.000155
53 1.3125 0 0 0.0022477 0.000236667
54 1.3375 0 0 0.00282705 0.000343333
55 1.3625 0 0 0.00557622 0.000561667
56 1.3875 0 0 0.00775779 0.000876667
57 1.4125 0 0 0.0108918 0.001335
58 1.4375 0 0 0.0150669 0.00199167
59 1.4625 0 0 0.0205782 0.00292
60 1.4875 0 0 0.0299634 0.00431833
61 1.5125 0 0 0.0350606 0.00601
62 1.5375 0 0 0.0466993 0.00833833
63 1.5625 0 0 0.0558334 0.0112133
64 1.5875 0 0 0.0708327 0.0149783
65 1.6125 0 0 0.0899271 0.01991
66 1.6375 0 0 0.107036 0.0259633
67 1.6625 0.000171543 5e-06 0.127171 0.0333767
68 1.6875 0.000499495 2e-05 0.148794 0.0423133
69 1.7125 0.0023712 9.33333e-05 0.175981 0.0531983
70 1.7375 0.00816679 0.000353333 0.197626 0.0657817
71 1.7625 0.0212156 0.00104833 0.226223 0.0806033
72 1.7875 0.0510958 0.00277 0.257927 0.097985
73 1.8125 0.0948217 0.006055 0.287135 0.11788
74 1.8375 0.16528 0.01194 0.315207 0.140327
75 1.8625 0.25582 0.0212983 0.352294 0.166102
76 1.8875 0.362609 0.0349217 0.385987 0.195105
77 1.9125 0.477763 0.05335 0.418804 0.227413
78 1.9375 0.601205 0.07715 0.453262 0.2633
79 1.9625 0.710241 0.105997 0.493328 0.303373
80 1.9875 0.819076 0.140117 0.525046 0.347117
81 2.0125 0.906865 0.17885 0.570166 0.395822
82 2.0375 0.977106 0.221627 0.603562 0.448668
83 2.0625 1.05361 0.268892 0.642371 0.506302
84 2.0875 1.09566 0.319242 0.67107 0.567978
85 2.1125 1.13944 0.372865 0.70495 0.63433
86 2.1375 1.15192 0.428367 0.7397 0.70561
87 2.1625 1.19084 0.487093 0.762272 0.780793
88 2.1875 1.21216 0.548262 0.788842 0.860407
89 2.2125 1.21437 0.61095 0.8163 0.944685
90 2.2375 1.19465 0.674022 0.83246 1.03258
91 2.2625 1.20794 0.739228 0.858131 1.12523
92 2.2875 1.19636 0.805245 0.869891 1.22124
93 2.3125 1.18189 0.871897 0.895663 1.32225
94 2.3375 1.17494 0.939597 0.904723 1.42651
95 2.3625 1.17229 1.0086 0.917575 1.53453
96 2.3875 1.16576 1.07867 0.933298 1.64673
97 2.4125 1.13716 1.14847 0.938359 1.76192
98 2.4375 1.12547 1.21898 0.943722 1.88018
99 2.4625 1.11603 1.29035 0.94917 2.00157
100 2.4875 1.10198 1.36226 0.964886 2.12749
101 2.5125 1.0925 1.43498 0.968613 2.25645
102 2.5375 1.07732 1.50814 0.968913 2.38804
103 2.5625 1.07159 1.58234 0.982581 2.52412
104 2.5875 1.06427 1.65748 0.985073 2.66322
105 2.6125 1.04687 1.73283 0.991226 2.8059
106 2.6375 1.04052 1.80916 0.990745 2.95126
107 2.6625 1.03525 1.88655 0.988848 3.09911
108 2.6875 1.02803 1.96485 0.996138 3.25085
109 2.7125 1.03462 2.04513 1.0031 3.40651
110 2.7375 1.01503 2.12535 1.00113 3.56475
111 2.7625 1.01673 2.20717 1.00604 3.72668
112 2.7875 1.01741 2.29054 1.01041 3.89226
113 2.8125 1.00715 2.37455 1.0105 4.06085
114 2.8375 0.993685 2.45892 1.02448 4.23482
115 2.8625 0.992972 2.54472 1.02542 4.41203
116 2.8875 0.987036 2.63151 1.03262 4.59361
117 2.9125 0.994348 2.72045 1.03861 4.77943
118 2.9375 0.982147 2.80983 1.04309 4.96926
119 2.9625 0.980462 2.90057 1.0465 5.16297
120 2.9875 0.97981 2.99279 1.04709 5.36008
121 3.0125 0.970825 3.0857 1.04843 5.56075
122 3.0375 0.977316 3.18079 1.0465 5.7644
123 3.0625 0.971569 3.27688 1.0577 5.97362
124 3.0875 0.970373 3.37443 1.05751 6.18624
125 3.1125 0.961259 3.47263 1.05463 6.40172
126 3.1375 0.9644 3.57275 1.06112 6.62203
127 3.1625 0.967828 3.67482 1.06306 6.84627
128 3.1875 0.963937 3.77811 1.06448 7.07438
129 3.2125 0.957125 3.88227 1.06994 7.30726
130 3.2375 0.9674 3.9892 1.07755 7.54547
131 3.2625 0.960813 4.09705 1.08576 7.78921
132 3.2875 0.974654 4.20813 1.08692 8.03697
133 3.3125 0.976807 4.32116 1.09623 8.29066
134 3.3375 0.981312 4.43643 1.10436 8.55011
135 3.3625 0.990132 4.55448 1.1116 8.81518
136 3.3875 0.994922 4.67488 1.11915 9.08604
137 3.4125 1.01825 4.79992 1.12898 9.36333
138 3.4375 1.0288 4.92812 1.13604 9.64645
139 3.4625 1.03522 5.059 1.13764 9.93411
140 3.4875 1.05831 5.19474 1.14842 10.2287
141 3.5125 1.07897 5.33512 1.14334 10.5262
142 3.5375 1.09563 5.47971 1.14347 10.828
143 3.5625 1.10715 5.62789 1.14809 11.1353
144 3.5875 1.12663 5.7808 1.14781 11.4469
145 3.6125 1.13586 5.93711 1.14521 11.7621
146 3.6375 1.14843 6.09736 1.14401 12.0814
147 3.6625 1.15 6.26003 1.14323 12.4048
148 3.6875 1.15228 6.42526 1.13709 12.7309
149 3.7125 1.1481 6.59213 1.13599 13.0611
150 3.7375 1.14 6.76006 1.13056 13.3942
151 3.7625 1.12783 6.92843 1.1273 13.7308
152 3.7875 1.1172 7.09744 1.1261 14.0715
153 3.8125 1.10602 7.26697 1.12445 14.4162
154 3.8375 1.09177 7.43652 1.12339 14.7651
155 3.8625 1.07902 7.60628 1.11579 15.1162
156 3.8875 1.0656 7.7761 1.11916 15.4729
157 3.9125 1.05562 7.94651 1.11507 15.8329
158 3.9375 1.04439 8.11726 1.11412 16.1972
159 3.9625 1.02829 8.28752 1.11213 16.5655
160 3.9875 1.0208 8.45869 1.11167 16.9383
161 4.0125 1.00962 8.6301 1.10641 17.314
162 4.0375 0.994186 8.80101 1.09995 17.6922
163 4.0625 0.984535 8.97236 1.09535 18.0735
164 4.0875 0.983473 9.14564 1.08907 18.4572
165 4.1125 0.969525 9.31855 1.0794 18.8423
166 4.1375 0.971886 9.494 1.0619 19.2257
167 4.1625 0.972151 9.67163 1.04979 19.6093
168 4.1875 0.963912 9.84987 1.03503 19.9921
169 4.2125 0.963906 10.0303 1.02515 20.3758
170 4.2375 0.969315 10.2138 1.01267 20.7593
171 4.2625 0.966068 10.3989 0.998084 21.1417
172 4.2875 0.977197 10.5883 0.989642 21.5254
173 4.3125 0.979047 10.7803 0.979484 21.9096
174 4.3375 0.982007 10.9752 0.973434 22.2959
175 4.3625 0.987102 11.1733 0.965336 22.6834
176 4.3875 0.996682 11.3756 0.962035 23.074
177 4.4125 0.995015 11.5799 0.958503 23.4676
178 4.4375 0.996941 11.7869 0.955101 23.8642
179 4.4625 1.00485 11.9979 0.957164 24.2662
180 4.4875 0.999563 12.2102 0.951363 24.6703
181 4.5125 0.999982 12.4249 0.953514 25.0798
182 4.5375 1.00239 12.6426 0.952021 25.4932
183 4.5625 1.0071 12.8637 0.953723 25.9119
184 4.5875 1.00571 13.0869 0.951268 26.3342
185 4.6125 1.00911 13.3133 0.954909 26.7626
186 4.6375 1.01015 13.5424 0.951031 27.194
187 4.6625 1.00965 13.7738 0.956614 27.6326
188 4.6875 1.01289 14.0085 0.952105 28.0739
189 4.7125 1.01255 14.2456 0.958737 28.5229
190 4.7375 1.02229 14.4876 0.958486 28.9766
191 4.7625 1.02594 14.733 0.955459 29.4337
192 4.7875 1.02339 14.9803 0.961821 29.8986
193 4.8125 1.02326 15.2303 0.962384 30.3687
194 4.8375 1.02075 15.4822 0.962647 30.8438
195 4.8625 1.0228 15.7372 0.965143 31.3251
196 4.8875 1.02606 15.9957 0.966907 31.8123
197 4.9125 1.02694 16.257 0.971384 32.3067
198 4.9375 1.02227 16.5198 0.97068 32.8058
199 4.9625 1.02309 16.7855 0.974161 33.3118
200 4.9875 1.01773 17.0525 0.974516 33.823
201 5.0125 1.01876 17.3224 0.979054 34.3419
202 5.0375 1.01484 17.594 0.980076 34.8664
203 5.0625 1.01064 17.8671 0.982618 35.3975
204 5.0875 1.00199 18.1406 0.983976 35.9347
205 5.1125 0.996933 18.4154 0.987549 36.4791
206 5.1375 0.987973 18.6904 0.987413 37.0287
207 5.1625 0.983592 18.9668 0.99107 37.5858
208 5.1875 0.975016 19.2435 0.993258 38.1496
209 5.2125 0.963807 19.5197 0.995174 38.7198
210 5.2375 0.958102 19.7968 0.995903 39.296
211 5.2625 0.951588 20.0747 0.997466 39.8786
212 5.2875 0.956393 20.3567 1.00009 40.4683
213 5.3125 0.95261 20.6402 1.00329 41.0655
214 5.3375 0.948378 20.9251 1.00121 41.6671
215 5.3625 0.950988 21.2135 1.00527 42.2768
216 5.3875 0.948052 21.5037 1.00513 42.8921
217 5.4125 0.950736 21.7974 1.00809 43.515
218 5.4375 0.952491 22.0944 1.00874 44.144
219 5.4625 0.954221 22.3947 1.00764 44.7782
220 5.4875 0.95291 22.6973 1.00617 45.4172
221 5.5125 0.961242 23.0053 1.00514 46.0614
222 5.5375 0.963024 23.3167 1.00904 46.7139
223 5.5625 0.968919 23.6328 1.00652 47.3708
224 5.5875 0.965108 23.9506 1.00819 48.0346
225 5.6125 0.971947 24.2735 1.00674 48.7035
226 5.6375 0.972054 24.5992 1.00805 49.3792
227 5.6625 0.971948 24.9279 1.00645 50.0598
228 5.6875 0.98 25.2622 1.0033 50.7443
229 5.7125 0.981035 25.5998 1.00186 51.4338
230 5.7375 0.979624 25.9399 1.00493 52.1315
231 5.7625 0.982537 26.2839 0.997027 52.8298
232 5.7875 0.988897 26.6332 1.00046 53.5366
233 5.8125 0.992422 26.9868 0.999102 54.2485
234 5.8375 0.996365 27.3448 0.99815 54.9659
235 5.8625 0.996392 27.706 0.999848 55.6906
236 5.8875 0.998695 28.071 0.99932 56.4212
237 5.9125 1.00254 28.4406 0.999753 57.1583
238 5.9375 1.00923 28.8158 0.99824 57.9005
239 5.9625 1.00953 29.1943 1.00043 58.6507
240 5.9875 1.01008 29.5762 1.00255 59.4087
241 6.0125 1.01196 29.9619 1.00512 60.1751
242 6.0375 1.01089 30.3505 1.00348 60.9465
243 6.0625 1.01674 30.7446 1.00173 61.7231
244 6.0875 1.01686 31.142 1.0005 62.505
245 6.1125 1.01769 31.5429 1.00392 63.2961
246 6.1375 1.01866 31.9476 1.00588 64.0953
247 6.1625 1.02004 32.3561 1.0066 64.9015
248 6.1875 1.01945 32.7677 1.00525 65.7132
249 6.2125 1.0194 33.1826 1.00546 66.5317
250 6.2375 1.02412 33.6028 1.00846 67.3592
251 6.2625 1.02334 34.026 1.00739 68.1925
252 6.2875 1.02223 34.4522 1.01023 69.0348
253 6.3125 1.02491 34.8828 1.00841 69.8823
254 6.3375 1.02221 35.3158 1.00969 70.7376
255 6.3625 1.02651 35.754 1.00956 71.5995
256 6.3875 1.02626 36.1955 1.00716 72.4662
257 6.4125 1.02634 36.6406 1.00858 73.3409
258 6.4375 1.02848 37.0901 1.00883 74.2226
259 6.4625 1.02704 37.5424 1.00867 75.1111
260 6.4875 1.02834 37.9988 1.0088 76.0066
261 6.5125 1.03336 38.461 1.01164 76.9115
262 6.5375 1.02896 38.9247 1.00795 77.8201
263 6.5625 1.03006 39.3925 1.00828 78.7359
264 6.5875 1.02913 39.8635 1.01086 79.6611
265 6.6125 1.02645 40.3368 1.01134 80.5938
266 6.6375 1.02451 40.8128 1.01148 81.5336
267 6.6625 1.02539 41.2928 1.00972 82.4789
268 6.6875 1.02959 41.7783 1.00929 83.4309
269 6.7125 1.02572 42.2657 1.00887 84.3897
270 6.7375 1.02636 42.757 1.01167 85.3582
271 6.7625 1.02361 43.2507 1.01093 86.3333
272 6.7875 1.0253 43.7488 1.00907 87.3138
273 6.8125 1.01942 44.2477 1.00835 88.3008
274 6.8375 1.01633 44.7488 1.01075 89.2974
275 6.8625 1.02157 45.2561 1.01167 90.3023
276 6.8875 1.01782 45.7653 1.00814 91.3109
277 6.9125 1.0158 46.2771 1.00838 92.3271
278 6.9375 1.01414 46.7919 1.01068 93.353
279 6.9625 1.01354 47.31 1.01098 94.3867
280 6.9875 1.01306 47.8316 1.0064 95.423
281 7.0125 1.01378 48.3573 1.00933 96.4699
282 7.0375 1.01126 48.8855 1.00543 97.5201
283 7.0625 1.00831 49.4158 1.00711 98.5796
284 7.0875 1.00888 49.9503 1.00554 99.6449
285 7.1125 1.00261 50.4851 1.00478 100.717
286 7.1375 0.998523 51.0216 1.00496 101.797
287 7.1625 0.998756 51.5619 1.00744 102.887
288 7.1875 1.00159 52.1075 1.00665 103.984
289 7.2125 1.00033 52.6563 1.00571 105.087
290 7.2375 0.995298 53.2061 1.00431 106.197
291 7.2625 0.999161 53.7618 1.00262 107.312
292 7.2875 0.994136 54.3186 1.00435 108.437
293 7.3125 0.995454 54.8799 1.0023 109.567
294 7.3375 0.992974 55.4437 1.00194 110.705
295 7.3625 0.991222 56.0103 1.00375 111.852
296 7.3875 0.994128 56.5824 1.00305 113.007
297 7.4125 0.990192 57.1562 1.00436 114.171
298 7.4375 0.989252 57.7332 1.00218 115.34
299 7.4625 0.989801 58.3145 1.00246 116.518
300 7.4875 0.983086 58.8957 1.00037 117.7
301 7.5125 0.983292 59.4809 1.00095 118.892
302 7.5375 0.983081 60.0699 0.999982 120.09
303 7.5625 0.984399 60.6636 0.999623 121.296
304 7.5875 0.983987 61.261 0.999451 122.509
305 7.6125 0.984767 61.8628 0.999087 123.73
306 7.6375 0.982037 62.4669 0.997947 124.958
307 7.6625 0.98207 63.075 1.00124 126.198
308 7.6875 0.985024 63.6888 0.999356 127.444
309 7.7125 0.982156 64.3049 0.997608 128.695
310 7.7375 0.986223 64.9276 0.998388 129.956
311 7.7625 0.986721 65.5546 0.998236 131.225
312 7.7875 0.990735 66.1882 0.994014 132.496
313 7.8125 0.987379 66.8237 0.998224 133.781
314 7.8375 0.987978 67.4637 0.994921 135.07
315 7.8625 0.991308 68.1099 0.994144 136.366
316 7.8875 0.990417 68.7597 0.996843 137.674
317 7.9125 0.989404 69.4129 0.996684 138.99
318 7.9375 0.990596 70.0711 0.997092 140.315
319 7.9625 0.993477 70.7353 0.992865 141.643
320 7.9875 0.994655 71.4045 0.994376 142.981
321 8.0125 0.993502 72.0771 0.992013 144.324
322 8.0375 0.993445 72.7539 0.993962 145.678
323 8.0625 0.995757 73.4365 0.992044 147.038
324 8.0875 0.995465 74.1231 0.994656 148.41
325 8.1125 0.996824 74.8149 0.99254 149.788
326 8.1375 0.997812 75.5117 0.991928 151.173
327 8.1625 0.99641 76.2118 0.991206 152.566
328 8.1875 0.995665 76.9157 0.989868 153.966
329 8.2125 0.999532 77.6266 0.992712 155.378
330 8.2375 0.998009 78.3407 0.992685 156.799
331 8.2625 1.00039 79.0609 0.993861 158.23
332 8.2875 0.999768 79.785 0.995045 159.671
333 8.3125 1.00019 80.5138 0.993059 161.118
334 8.3375 1.00085 81.2475 0.994818 162.577
335 8.3625 0.999621 81.9847 0.994381 164.043
336 8.3875 1.00086 82.7272 0.996652 165.522
337 8.4125 0.999601 83.4732 0.996782 167.01
338 8.4375 0.998725 84.223 0.994574 168.503
339 8.4625 1.00085 84.9789 0.995162 170.006
340 8.4875 1.0006 85.739 0.995698 171.519
341 8.5125 1.00125 86.5041 0.99712 173.043
342 8.5375 1.00159 87.274 0.997556 174.577
343 8.5625 1.00305 88.0495 0.997897 176.12
344 8.5875 1.00587 88.8317 0.996917 177.67
345 8.6125 1.00204 89.6155 0.998165 179.232
346 8.6375 1.00179 90.4037 0.998239 180.803
347 8.6625 1.0015 91.1962 0.998874 182.383
348 8.6875 1.00274 91.9942 0.999473 183.974
349 8.7125 0.999689 92.7945 1.00177 185.578
350 8.7375 1.00141 93.6007 0.999048 187.187
351 8.7625 1.00219 94.4122 0.999174 188.805
352 8.7875 1.00292 95.2289 0.99942 190.433
353 8.8125 1.0022 96.0496 1.00191 192.074
354 8.8375 1.00255 96.8753 0.999929 193.721
355 8.8625 1.00345 97.7065 0.999558 195.377
356 8.8875 1.00545 98.544 1.00055 197.043
357 8.9125 1.0045 99.3854 1.00291 198.724
358 8.9375 1.00406 100.231 1.00095 200.41
359 8.9625 1.00596 101.083 1.00141 202.106
360 8.9875 1.00545 101.94 1.00357 203.816
361 9.0125 1.00564 102.801 1.00174 205.532
362 9.0375 1.0059 103.668 1.003 207.26
363 9.0625 1.00309 104.536 1.00329 208.998
364 9.0875 1.00414 105.411 1.00258 210.744
365 9.1125 1.00118 106.287 1.00195 212.499
366 9.1375 1.00234 107.17 1.00358 214.266
367 9.1625 1.00244 108.057 1.00377 216.043
368 9.1875 1.00194 108.949 1.00428 217.831
369 9.2125 1.00407 109.848 1.00443 219.629
370 9.2375 1.00406 110.752 1.00247 221.433
371 9.2625 1.00345 111.659 1.00265 223.248
372 9.2875 1.00579 112.574 1.00358 225.073
373 9.3125 1.00317 113.492 1.00247 226.907
374 9.3375 1.00315 114.414 1.00125 228.748
375 9.3625 1.00285 115.341 1.00203 230.601
376 9.3875 1.00256 116.273 1.00171 232.463
377 9.4125 1.00024 117.207 1.00265 234.336
378 9.4375 1.00021 118.147 1.00187 236.218
379 9.4625 1.00022 119.091 1.00192 238.11
380 9.4875 0.998475 120.039 1.00189 240.012
381 9.5125 0.999166 120.992 1.0014 241.923
382 9.5375 0.998195 121.95 1.0013 243.844
383 9.5625 1.00039 122.915 1.00248 245.778
384 9.5875 0.99928 123.883 1.00027 247.717
385 9.6125 1.00077 124.858 1.00181 249.669
386 9.6375 0.999859 125.838 1.00176 251.632
387 9.6625 1.00049 126.823 1.0022 253.605
388 9.6875 0.997433 127.81 1.0002 255.585
389 9.7125 0.998199 128.803 1.00108 257.577
390 9.7375 0.999417 129.802 1.00175 259.58
391 9.7625 0.998157 130.805 1.0017 261.593
392 9.7875 0.995302 131.811 1.0004 263.615
393 9.8125 0.997188 132.823 1.00028 265.646
394 9.8375 0.995133 133.839 1.00072 267.688
395 9.8625 1.00036 134.865 1.00007 269.74
396 9.8875 0.997821 135.894 1.0004 271.803
397 9.9125 0.996727 136.926 0.999178 273.873
398 9.9375 0.994185 137.962 1.0007 275.958
399 9.9625 0.995877 139.004 1.00037 278.052
400 9.9875 0.996725 140.053 1.00024 280.156
