# Time-averaged data for fix outN
# TimeStep Number-of-rows
# Row c_grN[1] c_grN[2] c_grN[3] c_grN[4] c_grN[5]
20000000 400
1 0.0125 0 0 0 0
2 0.0375 0 0 0 0
3 0.0625 0 0 0 0
4 0.0875 0 0 0 0
5 0.1125 0 0 0 0
6 0.1375 0 0 0 0
7 0.1625 0 0 0 0
8 0.1875 0 0 0 0
9 0.2125 0 0 0 0
10 0.2375 0 0 0 0
11 0.2625 0 0 0 0
12 0.2875 0 0 0 0
13 0.3125 0 0 0 0
14 0.3375 0 0 0 0
15 0.3625 0 0 0 0
16 0.3875 0 0 0 0
17 0.4125 0 0 0 0
18 0.4375 0 0 0 0
19 0.4625 0 0 0 0
20 0.4875 0 0 0 0
21 0.5125 0 0 0 0
22 0.5375 0 0 0 0
23 0.5625 0 0 0 0
24 0.5875 0 0 0 0
25 0.6125 0 0 0 0
26 0.6375 0 0 0 0
27 0.6625 0 0 0 0
28 0.6875 0 0 0 0
29 0.7125 0 0 0 0
30 0.7375 0 0 0 0
31 0.7625 0 0 0 0
32 0.7875 0 0 0 0
33 0.8125 0 0 0 0
34 0.8375 0 0 0 0
35 0.8625 0 0 0 0
36 0.8875 0 0 0 0
37 0.9125 0 0 0 0
38 0.9375 0 0 0 0
39 0.9625 0 0 0 0
40 0.9875 0 0 0 0
41 1.0125 0 0 0 0
42 1.0375 0 0 0 0
43 1.0625 0 0 0 0
44 1.0875 0 0 0 0
45 1.1125 0 0 0 0
46 1.1375 0 0 0 0
47 1.1625 0 0 0 0
48 1.1875 0 0 0 0
49 1.2125 0 0 0 0
50 1.2375 0 0 0 0
51 1.2625 0 0 0 0
52 1.2875 0 0 0 0
53 1.3125 0 0 0 0
54 1.3375 0 0 0 0
55 1.3625 0 0 0 0
56 1.3875 0 0 0 0
57 1.4125 0 0 0 0
58 1.4375 0 0 0 0
59 1.4625 0 0 0 0
60 1.4875 0 0 0 0
61 1.5125 0 0 0.000207255 1e-05
62 1.5375 0 0 0.000100285 1.5e-05
63 1.5625 0 0 0.000485507 4e-05
64 1.5875 0 0 0.000940673 9e-05
65 1.6125 0 0 0.00337341 0.000275
66 1.6375 0 0 0.008399 0.00075
67 1.6625 0 0 0.0180978 0.001805
68 1.6875 0 0 0.0396266 0.004185
69 1.7125 0 0 0.0642648 0.00816
70 1.7375 0 0 0.111901 0.015285
71 1.7625 0 0 0.170411 0.02645
72 1.7875 0 0 0.270442 0.044675
73 1.8125 0 0 0.38939 0.071655
74 1.8375 0 0 0.540284 0.11013
75 1.8625 0 0 0.719827 0.162795
76 1.8875 0 0 0.937042 0.233205
77 1.9125 0 0 1.12452 0.319955
78 1.9375 0 0 1.33926 0.42599
79 1.9625 0 0 1.55212 0.55207
80 1.9875 0 0 1.72481 0.69577
81 2.0125 0 0 1.9163 0.859465
82 2.0375 0 0 2.04253 1.03831
83 2.0625 0.000557291 2.5e-05 2.16257 1.23233
84 2.0875 0.00141446 9e-05 2.24556 1.43871
85 2.1125 0.00563096 0.000355 2.26412 1.65182
86 2.1375 0.0176416 0.001205 2.23602 1.86729
87 2.1625 0.0500859 0.003675 2.13635 2.078
88 2.1875 0.106516 0.00905 1.94547 2.27434
89 2.2125 0.200592 0.019405 1.67433 2.44721
90 2.2375 0.341223 0.03742 1.40178 2.59523
91 2.2625 0.492111 0.063985 1.12927 2.71714
92 2.2875 0.689093 0.10201 0.893148 2.81571
93 2.3125 0.868356 0.15098 0.709739 2.89576
94 2.3375 1.00304 0.208775 0.569509 2.9614
95 2.3625 1.14027 0.27589 0.487012 3.01872
96 2.3875 1.21525 0.34894 0.415688 3.0687
97 2.4125 1.26041 0.4263 0.377586 3.11505
98 2.4375 1.3137 0.50861 0.360345 3.1602
99 2.4625 1.31077 0.59243 0.351462 3.20515
100 2.4875 1.28892 0.676535 0.366425 3.25298
101 2.5125 1.28548 0.76211 0.375242 3.30294
102 2.5375 1.26735 0.848165 0.398665 3.35707
103 2.5625 1.25913 0.935355 0.411286 3.41403
104 2.5875 1.25099 1.02368 0.445797 3.47698
105 2.6125 1.22911 1.11215 0.467177 3.54424
106 2.6375 1.24416 1.20342 0.501541 3.61782
107 2.6625 1.28812 1.29971 0.531762 3.69733
108 2.6875 1.34304 1.40201 0.557199 3.78221
109 2.7125 1.39689 1.51039 0.6032 3.87581
110 2.7375 1.45728 1.62556 0.627917 3.97505
111 2.7625 1.53578 1.74915 0.672738 4.08333
112 2.7875 1.59763 1.88006 0.693981 4.19707
113 2.8125 1.63558 2.01649 0.723027 4.31769
114 2.8375 1.69976 2.16082 0.762194 4.44712
115 2.8625 1.75225 2.31223 0.795491 4.58459
116 2.8875 1.7606 2.46703 0.818256 4.72849
117 2.9125 1.79232 2.62736 0.869442 4.88404
118 2.9375 1.83123 2.79399 0.893636 5.04667
119 2.9625 1.86453 2.96656 0.920405 5.21704
120 2.9875 1.87271 3.14282 0.945891 5.39509
121 3.0125 1.89468 3.32414 0.968866 5.58054
122 3.0375 1.91244 3.51022 0.975312 5.77033
123 3.0625 1.93539 3.70164 1.0181 5.97172
124 3.0875 1.90367 3.89301 1.02398 6.1776
125 3.1125 1.89739 4.08684 1.02975 6.388
126 3.1375 1.82879 4.27669 1.0594 6.60795
127 3.1625 1.71537 4.45761 1.05312 6.83009
128 3.1875 1.53868 4.62247 1.09351 7.06441
129 3.2125 1.33055 4.76727 1.09695 7.30318
130 3.2375 1.16234 4.89575 1.1112 7.54883
131 3.2625 0.985788 5.0064 1.1047 7.79682
132 3.2875 0.864949 5.10498 1.12183 8.05254
133 3.3125 0.734452 5.18996 1.13238 8.3146
134 3.3375 0.663813 5.26794 1.13853 8.58207
135 3.3625 0.614099 5.34116 1.1542 8.85731
136 3.3875 0.588045 5.41232 1.169 9.14023
137 3.4125 0.57828 5.48334 1.17728 9.42938
138 3.4375 0.571705 5.55457 1.19322 9.72676
139 3.4625 0.564626 5.62596 1.20645 10.0318
140 3.4875 0.561199 5.69794 1.23124 10.3477
141 3.5125 0.581831 5.77364 1.23495 10.669
142 3.5375 0.584813 5.85081 1.24126 10.9966
143 3.5625 0.603757 5.93162 1.24472 11.3298
144 3.5875 0.603697 6.01356 1.24748 11.6684
145 3.6125 0.624436 6.09949 1.25013 12.0125
146 3.6375 0.636128 6.18825 1.23864 12.3582
147 3.6625 0.645041 6.27949 1.22321 12.7042
148 3.6875 0.668997 6.37542 1.19405 13.0467
149 3.7125 0.688707 6.47553 1.15119 13.3813
150 3.7375 0.70712 6.57969 1.11012 13.7084
151 3.7625 0.730778 6.68879 1.07038 14.0279
152 3.7875 0.752529 6.80262 1.04 14.3426
153 3.8125 0.790937 6.92386 1.01008 14.6522
154 3.8375 0.823519 7.05175 0.993934 14.961
155 3.8625 0.847153 7.18503 0.973482 15.2673
156 3.8875 0.880278 7.32532 0.9605 15.5734
157 3.9125 0.90648 7.47165 0.951532 15.8806
158 3.9375 0.924365 7.62278 0.955405 16.193
159 3.9625 0.953564 7.78067 0.951948 16.5083
160 3.9875 0.989177 7.94653 0.957166 16.8293
161 4.0125 1.01508 8.11887 0.961325 17.1557
162 4.0375 1.02547 8.29516 0.968436 17.4887
163 4.0625 1.05621 8.47898 0.968088 17.8256
164 4.0875 1.06711 8.667 0.977154 18.17
165 4.1125 1.07347 8.85846 0.987598 18.5222
166 4.1375 1.0746 9.05245 0.995004 18.8815
167 4.1625 1.06778 9.24755 0.998672 19.2464
168 4.1875 1.09068 9.44923 1.00003 19.6163
169 4.2125 1.09728 9.65457 1.01381 19.9957
170 4.2375 1.10137 9.86313 1.00908 20.3779
171 4.2625 1.10274 10.0744 1.01769 20.7678
172 4.2875 1.09784 10.2872 1.0178 21.1625
173 4.3125 1.09517 10.502 1.01649 21.5612
174 4.3375 1.09316 10.7189 1.02151 21.9665
175 4.3625 1.09557 10.9388 1.02679 22.3787
176 4.3875 1.09817 11.1617 1.03699 22.7997
177 4.4125 1.0947 11.3865 1.02605 23.221
178 4.4375 1.09639 11.6141 1.03434 23.6506
179 4.4625 1.10704 11.8466 1.02831 24.0825
180 4.4875 1.086 12.0772 1.02905 24.5195
181 4.5125 1.09317 12.312 1.02001 24.9576
182 4.5375 1.10218 12.5513 1.02401 25.4023
183 4.5625 1.09674 12.792 1.02822 25.8537
184 4.5875 1.10451 13.0372 1.0258 26.309
185 4.6125 1.10044 13.2841 1.02043 26.7669
186 4.6375 1.11301 13.5365 1.01588 27.2277
187 4.6625 1.10418 13.7896 1.0162 27.6936
188 4.6875 1.11647 14.0483 1.01847 28.1656
189 4.7125 1.11002 14.3083 1.01357 28.6403
190 4.7375 1.10304 14.5693 1.00764 29.1173
191 4.7625 1.11045 14.8349 1.01017 29.6005
192 4.7875 1.11128 15.1035 1.00305 30.0854
193 4.8125 1.11162 15.375 0.998947 30.5734
194 4.8375 1.11821 15.651 1.00507 31.0694
195 4.8625 1.11484 15.929 0.999635 31.5679
196 4.8875 1.10851 16.2082 0.998982 32.0712
197 4.9125 1.10051 16.4883 1.00072 32.5806
198 4.9375 1.1125 16.7743 0.996998 33.0932
199 4.9625 1.10057 17.0601 0.99645 33.6107
200 4.9875 1.09647 17.3477 1.00178 34.1363
201 5.0125 1.10137 17.6395 0.997523 34.6649
202 5.0375 1.09461 17.9325 1.0015 35.2009
203 5.0625 1.09221 18.2277 1.00436 35.7438
204 5.0875 1.08326 18.5233 1.00475 36.2923
205 5.1125 1.07367 18.8193 1.00493 36.8463
206 5.1375 1.06885 19.1168 1.00937 37.4082
207 5.1625 1.05815 19.4142 1.01452 37.9784
208 5.1875 1.05702 19.7141 1.01686 38.5556
209 5.2125 1.04577 20.0138 1.01178 39.1354
210 5.2375 1.03958 20.3145 1.01718 39.7239
211 5.2625 1.03407 20.6165 1.01556 40.317
212 5.2875 1.0261 20.919 1.01729 40.9169
213 5.3125 1.02881 21.2252 1.00424 41.5147
214 5.3375 1.01385 21.5298 1.01449 42.1242
215 5.3625 0.998567 21.8326 1.01777 42.7415
216 5.3875 0.986838 22.1346 1.01764 43.3645
217 5.4125 0.980656 22.4376 1.02131 43.9955
218 5.4375 0.967249 22.7392 1.01691 44.6296
219 5.4625 0.967251 23.0435 1.01695 45.2696
220 5.4875 0.952852 23.3461 1.01738 45.9158
221 5.5125 0.946851 23.6495 1.02349 46.5717
222 5.5375 0.940825 23.9538 1.01244 47.2265
223 5.5625 0.936295 24.2593 1.01733 47.8904
224 5.5875 0.923364 24.5633 1.01717 48.5602
225 5.6125 0.912959 24.8665 1.01792 49.2364
226 5.6375 0.911295 25.172 1.01906 49.9195
227 5.6625 0.900648 25.4765 1.02335 50.6116
228 5.6875 0.903184 25.7846 1.0104 51.3009
229 5.7125 0.899394 26.0941 1.01581 52
230 5.7375 0.903628 26.4078 1.01463 52.7045
231 5.7625 0.900474 26.7231 1.01153 53.4129
232 5.7875 0.897213 27.04 1.00603 54.1236
233 5.8125 0.89382 27.3585 1.0024 54.8379
234 5.8375 0.898202 27.6812 0.998974 55.5558
235 5.8625 0.898049 28.0067 0.996025 56.2778
236 5.8875 0.900232 28.3358 0.992453 57.0034
237 5.9125 0.901383 28.6681 0.985957 57.7303
238 5.9375 0.905617 29.0048 0.989298 58.4659
239 5.9625 0.907775 29.3451 0.978839 59.1998
240 5.9875 0.910883 29.6895 0.97748 59.9389
241 6.0125 0.908937 30.036 0.974582 60.682
242 6.0375 0.909841 30.3857 0.972706 61.4298
243 6.0625 0.911448 30.739 0.965126 62.1779
244 6.0875 0.922363 31.0994 0.96747 62.9341
245 6.1125 0.920924 31.4623 0.962129 63.6923
246 6.1375 0.928126 31.831 0.959946 64.4549
247 6.1625 0.934432 32.2052 0.95914 65.2231
248 6.1875 0.947219 32.5876 0.956576 65.9955
249 6.2125 0.942559 32.9712 0.952578 66.7709
250 6.2375 0.933593 33.3543 0.952476 67.5525
251 6.2625 0.943116 33.7443 0.952751 68.3406
252 6.2875 0.954257 34.1421 0.953537 69.1356
253 6.3125 0.963372 34.547 0.952002 69.9357
254 6.3375 0.972042 34.9587 0.955001 70.7447
255 6.3625 0.977911 35.3761 0.951218 71.5568
256 6.3875 0.987098 35.8008 0.955332 72.3789
257 6.4125 0.990831 36.2305 0.956055 73.2081
258 6.4375 0.988013 36.6623 0.954399 74.0422
259 6.4625 0.99378 37.1 0.962673 74.8902
260 6.4875 0.991599 37.5401 0.96107 75.7433
261 6.5125 1.00375 37.989 0.961307 76.6032
262 6.5375 1.00521 38.4421 0.965806 77.4738
263 6.5625 1.00752 38.8996 0.970743 78.3555
264 6.5875 1.01014 39.3619 0.973047 79.2461
265 6.6125 1.00482 39.8252 0.974812 80.1451
266 6.6375 1.00815 40.2936 0.972105 81.0484
267 6.6625 1.00694 40.7649 0.979596 81.9655
268 6.6875 1.01395 41.2431 0.982675 82.8924
269 6.7125 1.0215 41.7285 0.984408 83.8279
270 6.7375 1.02786 42.2205 0.985373 84.7712
271 6.7625 1.03921 42.7217 0.988096 85.7243
272 6.7875 1.0379 43.226 0.988163 86.6844
273 6.8125 1.04455 43.7372 0.987135 87.6507
274 6.8375 1.04872 44.2542 0.994767 88.6316
275 6.8625 1.04323 44.7723 0.998079 89.6229
276 6.8875 1.05438 45.2998 1.00022 90.6236
277 6.9125 1.04575 45.8267 0.995684 91.6271
278 6.9375 1.05165 46.3605 0.999485 92.6416
279 6.9625 1.05544 46.9 1.00083 93.6649
280 6.9875 1.04945 47.4403 1.00789 94.7028
281 7.0125 1.05048 47.9851 1.00518 95.7453
282 7.0375 1.0481 48.5325 1.00535 96.7954
283 7.0625 1.04692 49.0832 1.00626 97.854
284 7.0875 1.04334 49.6359 1.01205 98.9262
285 7.1125 1.04663 50.1942 1.01262 100.007
286 7.1375 1.04148 50.7537 1.01329 101.095
287 7.1625 1.04228 51.3176 1.01905 102.198
288 7.1875 1.03728 51.8827 1.01748 103.307
289 7.2125 1.03555 52.4508 1.02048 104.426
290 7.2375 1.03919 53.0248 1.01834 105.551
291 7.2625 1.03725 53.6017 1.01907 106.685
292 7.2875 1.03577 54.1818 1.02326 107.831
293 7.3125 1.03845 54.7674 1.02578 108.988
294 7.3375 1.03316 55.3539 1.02365 110.15
295 7.3625 1.02954 55.9425 1.02537 111.323
296 7.3875 1.02684 56.5334 1.02224 112.499
297 7.4125 1.02475 57.1272 1.02385 113.686
298 7.4375 1.02261 57.7237 1.02358 114.88
299 7.4625 1.02019 58.3228 1.02673 116.086
300 7.4875 1.01334 58.9219 1.02751 117.301
301 7.5125 1.01494 59.526 1.02675 118.523
302 7.5375 1.01159 60.1321 1.02949 119.756
303 7.5625 1.00892 60.7405 1.03129 121
304 7.5875 1.0105 61.354 1.03127 122.253
305 7.6125 1.00688 61.9693 1.03178 123.514
306 7.6375 1.00903 62.59 1.03284 124.784
307 7.6625 1.01811 63.2204 1.02644 126.055
308 7.6875 1.01425 63.8525 1.02991 127.339
309 7.7125 1.0083 64.485 1.03069 128.632
310 7.7375 1.00845 65.1217 1.02586 129.927
311 7.7625 1.00581 65.7608 1.02888 131.235
312 7.7875 1.00206 66.4016 1.029 132.551
313 7.8125 1.00289 67.0471 1.02185 133.867
314 7.8375 1.0066 67.6992 1.02512 135.195
315 7.8625 0.993223 68.3467 1.0252 136.531
316 7.8875 0.994123 68.9989 1.02251 137.873
317 7.9125 0.995258 69.656 1.02159 139.222
318 7.9375 0.994356 70.3166 1.02063 140.578
319 7.9625 0.995444 70.9822 1.01711 141.938
320 7.9875 0.994729 71.6514 1.01924 143.31
321 8.0125 0.995584 72.3255 1.01543 144.685
322 8.0375 0.992211 73.0014 1.01223 146.064
323 8.0625 0.990203 73.6802 1.00904 147.447
324 8.0875 0.988469 74.362 1.00955 148.84
325 8.1125 0.989742 75.0489 1.00677 150.237
326 8.1375 0.986584 75.7378 1.00503 151.641
327 8.1625 0.987154 76.4314 1.00443 153.052
328 8.1875 0.987133 77.1292 1.00372 154.472
329 8.2125 0.989997 77.8333 1.00081 155.895
330 8.2375 0.99336 78.5442 1.00167 157.329
331 8.2625 0.996651 79.2617 1.00093 158.77
332 8.2875 0.992096 79.9802 1.00065 160.219
333 8.3125 0.992032 80.7031 0.995048 161.67
334 8.3375 0.984973 81.4252 0.993288 163.126
335 8.3625 0.988863 82.1544 0.992951 164.59
336 8.3875 0.982815 82.8835 0.991509 166.061
337 8.4125 0.984767 83.6185 0.991752 167.542
338 8.4375 0.989024 84.361 0.988644 169.026
339 8.4625 0.987122 85.1064 0.991991 170.525
340 8.4875 0.992491 85.8604 0.986877 172.024
341 8.5125 0.99585 86.6214 0.988459 173.535
342 8.5375 1.00095 87.3908 0.993054 175.061
343 8.5625 0.995403 88.1604 0.989201 176.591
344 8.5875 0.993409 88.9329 0.987227 178.126
345 8.6125 0.998734 89.7141 0.990846 179.676
346 8.6375 0.99591 90.4977 0.987403 181.23
347 8.6625 1.00216 91.2907 0.990593 182.798
348 8.6875 1.00111 92.0875 0.990208 184.374
349 8.7125 0.998326 92.8866 0.988029 185.956
350 8.7375 0.99849 93.6905 0.989435 187.549
351 8.7625 1.00187 94.5017 0.992109 189.156
352 8.7875 0.996007 95.3128 0.987856 190.764
353 8.8125 0.997807 96.1299 0.988704 192.384
354 8.8375 1.00002 96.9535 0.991189 194.017
355 8.8625 0.996685 97.7791 0.991029 195.658
356 8.8875 1.00004 98.6121 0.988691 197.305
357 8.9125 0.998486 99.4485 0.989166 198.963
358 8.9375 1.00248 100.293 0.986708 200.625
359 8.9625 1.00417 101.144 0.988598 202.3
360 8.9875 1.00648 102.001 0.989915 203.986
361 9.0125 1.00538 102.862 0.99117 205.684
362 9.0375 1.00058 103.724 0.989729 207.389
363 9.0625 1.00092 104.591 0.992889 209.109
364 9.0875 1.00312 105.464 0.9911 210.835
365 9.1125 0.996409 106.337 0.991858 212.572
366 9.1375 0.999693 107.217 0.994235 214.323
367 9.1625 0.997735 108.1 0.996278 216.087
368 9.1875 0.992655 108.984 0.994102 217.857
369 9.2125 0.995543 109.875 0.993336 219.635
370 9.2375 0.997296 110.772 0.994704 221.425
371 9.2625 1.00098 111.678 0.997855 223.231
372 9.2875 1.00169 112.589 0.997647 225.046
373 9.3125 1.00437 113.508 0.998757 226.872
374 9.3375 1.00242 114.429 0.999028 228.71
375 9.3625 0.99969 115.353 0.996469 230.552
376 9.3875 0.998677 116.282 0.998328 232.407
377 9.4125 0.998538 117.214 0.999713 234.275
378 9.4375 0.996545 118.15 1.00553 236.164
379 9.4625 0.99387 119.089 1.00266 238.058
380 9.4875 0.998705 120.037 1.00315 239.962
381 9.5125 1.00226 120.993 1.00443 241.879
382 9.5375 1.00294 121.955 1.00402 243.805
383 9.5625 1.00103 122.921 1.00323 245.74
384 9.5875 0.999083 123.889 1.00096 247.681
385 9.6125 0.997151 124.861 1.00104 249.631
386 9.6375 0.993659 125.834 1.00214 251.595
387 9.6625 0.998046 126.817 1.00327 253.57
388 9.6875 1.00135 127.808 1.0049 255.559
389 9.7125 1.00278 128.805 1.00211 257.553
390 9.7375 1.00545 129.811 1.00512 259.563
391 9.7625 1.00185 130.817 1.00286 261.579
392 9.7875 1.00036 131.828 1.00478 263.609
393 9.8125 1.00194 132.845 1.00286 265.645
394 9.8375 0.998383 133.864 1.00453 267.696
395 9.8625 1.00101 134.891 1.00242 269.752
396 9.8875 0.999199 135.921 1.00673 271.828
397 9.9125 0.993369 136.95 1.00414 273.909
398 9.9375 0.994167 137.986 1.00255 275.997
399 9.9625 0.996168 139.028 1.00003 278.09
400 9.9875 0.996254 140.076 0.998208 280.19
