# Time-averaged data for fix outO
# TimeStep Number-of-rows
# Row c_grO[1] c_grO[2] c_grO[3] c_grO[4] c_grO[5]
20000000 400
1 0.0125 0 0 0 0
2 0.0375 0 0 0 0
3 0.0625 0 0 0 0
4 0.0875 0 0 0 0
5 0.1125 0 0 0 0
6 0.1375 0 0 0 0
7 0.1625 0 0 0 0
8 0.1875 0 0 0 0
9 0.2125 0 0 0 0
10 0.2375 0 0 0 0
11 0.2625 0 0 0 0
12 0.2875 0 0 0 0
13 0.3125 0 0 0 0
14 0.3375 0 0 0 0
15 0.3625 0 0 0 0
16 0.3875 0 0 0 0
17 0.4125 0 0 0 0
18 0.4375 0 0 0 0
19 0.4625 0 0 0 0
20 0.4875 0 0 0 0
21 0.5125 0 0 0 0
22 0.5375 0 0 0 0
23 0.5625 0 0 0 0
24 0.5875 0 0 0 0
25 0.6125 0 0 0 0
26 0.6375 0 0 0 0
27 0.6625 0 0 0 0
28 0.6875 0 0 0 0
29 0.7125 0 0 0 0
30 0.7375 0 0 0 0
31 0.7625 0 0 0 0
32 0.7875 0 0 0.000191121 2.5e-06
33 0.8125 0 0 0.0105929 0.00015
34 0.8375 0 0 0.080267 0.0013375
35 0.8625 0 0 0.375062 0.0072225
36 0.8875 0 0 1.12033 0.025835
37 0.9125 0 0 2.4222 0.068375
38 0.9375 0 0 4.06381 0.14371
39 0.9625 0 0 5.54573 0.252073
40 0.9875 0 0 6.49066 0.385572
41 1.0125 0 0 6.70284 0.530505
42 1.0375 0 0 6.41246 0.67609
43 1.0625 0 0 5.70877 0.81202
44 1.0875 0 0 4.86793 0.933448
45 1.1125 0 0 3.98449 1.03746
46 1.1375 0 0 3.21327 1.12515
47 1.1625 0 0 2.53925 1.19753
48 1.1875 0 0 1.9726 1.2562
49 1.2125 0 0 1.52888 1.30361
50 1.2375 0 0 1.19443 1.34219
51 1.2625 0 0 0.931867 1.37352
52 1.2875 0 0 0.720557 1.39871
53 1.3125 0 0 0.573851 1.41956
54 1.3375 0 0 0.456922 1.4368
55 1.3625 0 0 0.362731 1.451
56 1.3875 0 0 0.304462 1.46336
57 1.4125 0 0 0.244708 1.47366
58 1.4375 0 0 0.212523 1.48292
59 1.4625 0 0 0.180936 1.49109
60 1.4875 0 0 0.155299 1.49833
61 1.5125 0 0 0.134767 1.50484
62 1.5375 0 0 0.119389 1.51079
63 1.5625 0 0 0.104093 1.51615
64 1.5875 0 0 0.0985826 1.52139
65 1.6125 0 0 0.0905805 1.52636
66 1.6375 0 0 0.0853604 1.53118
67 1.6625 0 0 0.0847853 1.53612
68 1.6875 0 0 0.0819588 1.54105
69 1.7125 0 0 0.0807959 1.54604
70 1.7375 0 0 0.081825 1.55126
71 1.7625 0 0 0.0759334 1.55623
72 1.7875 0.000519367 1.75e-05 0.0768663 1.56141
73 1.8125 0.00815438 0.0003 0.0818324 1.56708
74 1.8375 0.0626997 0.0025325 0.0822538 1.57294
75 1.8625 0.271242 0.012455 0.089594 1.57949
76 1.8875 0.765098 0.0412 0.0915949 1.58637
77 1.9125 1.57607 0.101992 0.0954056 1.59373
78 1.9375 2.52386 0.201905 0.0994325 1.60161
79 1.9625 3.31322 0.336473 0.10541 1.61017
80 1.9875 3.75222 0.492778 0.113187 1.6196
81 2.0125 3.76815 0.65372 0.122421 1.63006
82 2.0375 3.49494 0.806725 0.129086 1.64136
83 2.0625 3.06198 0.944085 0.14367 1.65425
84 2.0875 2.53482 1.06057 0.15181 1.6682
85 2.1125 2.07836 1.15838 0.161518 1.68341
86 2.1375 1.62873 1.23685 0.179788 1.70073
87 2.1625 1.28378 1.30017 0.194412 1.71991
88 2.1875 1.01026 1.35115 0.210281 1.74113
89 2.2125 0.821595 1.39356 0.232434 1.76513
90 2.2375 0.670751 1.42897 0.26302 1.7929
91 2.2625 0.570379 1.45976 0.294429 1.82468
92 2.2875 0.515891 1.48823 0.343437 1.86259
93 2.3125 0.495798 1.51619 0.416578 1.90957
94 2.3375 0.4859 1.54419 0.504188 1.96768
95 2.3625 0.499627 1.57359 0.636883 2.04265
96 2.3875 0.523031 1.60503 0.801889 2.13905
97 2.4125 0.554445 1.63906 0.973884 2.2586
98 2.4375 0.598792 1.67658 1.15433 2.40325
99 2.4625 0.640256 1.71752 1.31607 2.57157
100 2.4875 0.676223 1.76165 1.43145 2.75838
101 2.5125 0.718376 1.80947 1.49036 2.95681
102 2.5375 0.756204 1.86082 1.48209 3.15808
103 2.5625 0.797481 1.91604 1.44326 3.35796
104 2.5875 0.827928 1.97449 1.3692 3.5513
105 2.6125 0.857522 2.03621 1.29377 3.73754
106 2.6375 0.886361 2.10124 1.22535 3.91732
107 2.6625 0.910159 2.16928 1.14736 4.08886
108 2.6875 0.926127 2.23982 1.08048 4.25346
109 2.7125 0.947155 2.31331 1.04395 4.41546
110 2.7375 0.941259 2.38769 1.00695 4.57461
111 2.7625 0.950395 2.46418 0.983416 4.73289
112 2.7875 0.939251 2.54114 0.958625 4.88999
113 2.8125 0.942378 2.61975 0.941913 5.04713
114 2.8375 0.937299 2.69933 0.956688 5.20959
115 2.8625 0.922214 2.77902 0.960057 5.37551
116 2.8875 0.922635 2.86014 0.966579 5.54548
117 2.9125 0.899066 2.94057 0.985396 5.72177
118 2.9375 0.906329 3.02304 1.004 5.90449
119 2.9625 0.887937 3.10522 1.04109 6.0972
120 2.9875 0.87003 3.18711 1.07036 6.29869
121 3.0125 0.850373 3.26849 1.12069 6.5132
122 3.0375 0.834198 3.34965 1.16092 6.7391
123 3.0625 0.818207 3.43058 1.2038 6.97723
124 3.0875 0.804662 3.51147 1.23592 7.22571
125 3.1125 0.796462 3.59284 1.25515 7.48217
126 3.1375 0.790033 3.67485 1.26174 7.74413
127 3.1625 0.779157 3.75703 1.25439 8.00873
128 3.1875 0.790082 3.84168 1.23058 8.27243
129 3.2125 0.78438 3.92705 1.20399 8.53449
130 3.2375 0.780772 4.01335 1.16037 8.791
131 3.2625 0.776959 4.10055 1.12827 9.04429
132 3.2875 0.772492 4.1886 1.10113 9.29528
133 3.3125 0.777879 4.27861 1.08283 9.54587
134 3.3375 0.783998 4.3707 1.06234 9.79545
135 3.3625 0.78704 4.46454 1.05065 10.046
136 3.3875 0.793501 4.56056 1.03202 10.2958
137 3.4125 0.80028 4.65884 1.02754 10.5481
138 3.4375 0.820261 4.76105 1.00835 10.7994
139 3.4625 0.839247 4.86716 1.0055 11.0537
140 3.4875 0.847236 4.97582 0.99198 11.3082
141 3.5125 0.859968 5.08771 0.985788 11.5647
142 3.5375 0.882051 5.20411 0.977303 11.8226
143 3.5625 0.901675 5.32479 0.968146 12.0818
144 3.5875 0.913153 5.44873 0.959986 12.3423
145 3.6125 0.93996 5.57808 0.955083 12.6052
146 3.6375 0.950806 5.71075 0.932916 12.8656
147 3.6625 0.979438 5.8493 0.928336 13.1282
148 3.6875 0.999154 5.99257 0.921631 13.3925
149 3.7125 1.01385 6.13993 0.911995 13.6576
150 3.7375 1.03768 6.29279 0.90547 13.9244
151 3.7625 1.06524 6.45181 0.895487 14.1917
152 3.7875 1.08336 6.6157 0.88268 14.4588
153 3.8125 1.10446 6.78499 0.876336 14.7275
154 3.8375 1.12082 6.95905 0.876152 14.9996
155 3.8625 1.15505 7.14077 0.867175 15.2724
156 3.8875 1.19891 7.33184 0.86721 15.5489
157 3.9125 1.21992 7.52877 0.867082 15.8288
158 3.9375 1.25008 7.73315 0.860227 16.1101
159 3.9625 1.26446 7.94252 0.855567 16.3934
160 3.9875 1.29614 8.15985 0.858261 16.6812
161 4.0125 1.30638 8.38165 0.8603 16.9734
162 4.0375 1.30917 8.60671 0.872729 17.2734
163 4.0625 1.32552 8.8374 0.872306 17.5771
164 4.0875 1.32922 9.0716 0.878178 17.8865
165 4.1125 1.30635 9.30459 0.883274 18.2016
166 4.1375 1.27129 9.53409 0.891425 18.5234
167 4.1625 1.24185 9.76099 0.893953 18.8501
168 4.1875 1.20206 9.98327 0.902968 19.184
169 4.2125 1.16068 10.2005 0.91478 19.5264
170 4.2375 1.13127 10.4147 0.927162 19.8775
171 4.2625 1.0881 10.6232 0.935185 20.2359
172 4.2875 1.06736 10.8301 0.948982 20.6038
173 4.3125 1.04258 11.0346 0.957177 20.9793
174 4.3375 1.00575 11.2341 0.970437 21.3644
175 4.3625 0.995652 11.4339 0.980037 21.7577
176 4.3875 0.990619 11.635 0.988673 22.1591
177 4.4125 0.979084 11.836 0.998438 22.5691
178 4.4375 0.960475 12.0355 1.01747 22.9917
179 4.4625 0.959993 12.2371 1.02831 23.4236
180 4.4875 0.958015 12.4405 1.03425 23.8629
181 4.5125 0.951737 12.6449 1.0485 24.3132
182 4.5375 0.945205 12.8501 1.05793 24.7726
183 4.5625 0.937198 13.0559 1.06438 25.2399
184 4.5875 0.937003 13.2638 1.07189 25.7156
185 4.6125 0.940434 13.4748 1.07704 26.1989
186 4.6375 0.942955 13.6887 1.08116 26.6893
187 4.6625 0.935705 13.9032 1.07738 27.1833
188 4.6875 0.938266 14.1206 1.0814 27.6844
189 4.7125 0.942557 14.3413 1.07665 28.1887
190 4.7375 0.937589 14.5632 1.07032 28.6954
191 4.7625 0.933207 14.7864 1.06426 29.2045
192 4.7875 0.935412 15.0125 1.05648 29.7152
193 4.8125 0.933948 15.2406 1.05343 30.2298
194 4.8375 0.938087 15.4721 1.04592 30.746
195 4.8625 0.934211 15.7051 1.04887 31.269
196 4.8875 0.940796 15.9421 1.04043 31.7932
197 4.9125 0.95099 16.1841 1.04739 32.3263
198 4.9375 0.95104 16.4286 1.03496 32.8584
199 4.9625 0.954391 16.6764 1.03919 33.3982
200 4.9875 0.966396 16.9299 1.03438 33.9409
201 5.0125 0.963819 17.1853 1.03212 34.4878
202 5.0375 0.96061 17.4424 1.03069 35.0394
203 5.0625 0.971293 17.7049 1.02573 35.5939
204 5.0875 0.972908 17.9704 1.02235 36.152
205 5.1125 0.979906 18.2405 1.02337 36.7161
206 5.1375 0.978287 18.5128 1.017 37.2823
207 5.1625 0.989259 18.7908 1.01647 37.8536
208 5.1875 0.989041 19.0715 1.01549 38.43
209 5.2125 0.996599 19.3571 1.01715 39.0129
210 5.2375 0.989511 19.6433 1.01035 39.5974
211 5.2625 0.989522 19.9323 1.01556 40.1906
212 5.2875 0.991405 20.2246 1.01459 40.7888
213 5.3125 0.988531 20.5188 1.00579 41.3875
214 5.3375 0.99175 20.8167 1.00696 41.9926
215 5.3625 0.987495 21.1162 1.00546 42.6024
216 5.3875 0.991224 21.4196 1.00754 43.2192
217 5.4125 0.994138 21.7267 1.00616 43.8408
218 5.4375 0.998657 22.0381 1.00583 44.468
219 5.4625 0.997696 22.352 1.0047 45.1003
220 5.4875 1.00443 22.671 1.00554 45.7389
221 5.5125 1.00563 22.9932 1.00826 46.3851
222 5.5375 1.00721 23.3189 1.00709 47.0365
223 5.5625 1.00803 23.6479 1.00375 47.6915
224 5.5875 1.00366 23.9783 1.00127 48.3508
225 5.6125 1.00656 24.3126 0.998149 49.0139
226 5.6375 1.00726 24.6502 1.00176 49.6854
227 5.6625 1.01576 24.9937 0.998407 50.3606
228 5.6875 1.01947 25.3415 0.996725 51.0406
229 5.7125 1.02271 25.6934 0.996066 51.7261
230 5.7375 1.02001 26.0475 0.997209 52.4185
231 5.7625 1.02054 26.4049 0.998938 53.1181
232 5.7875 1.02146 26.7657 0.993427 53.8199
233 5.8125 1.02302 27.1301 0.996797 54.5302
234 5.8375 1.02343 27.4979 0.997944 55.2474
235 5.8625 1.0286 27.8707 0.994797 55.9685
236 5.8875 1.03016 28.2473 0.994748 56.6957
237 5.9125 1.03036 28.6271 0.993559 57.4283
238 5.9375 1.03092 29.0104 0.994258 58.1675
239 5.9625 1.04193 29.401 0.993663 58.9126
240 5.9875 1.04071 29.7944 0.994306 59.6644
241 6.0125 1.03644 30.1896 0.994728 60.4228
242 6.0375 1.0393 30.5891 0.993547 61.1867
243 6.0625 1.04046 30.9923 0.995329 61.9582
244 6.0875 1.0397 31.3986 0.995225 62.7361
245 6.1125 1.03989 31.8084 0.993312 63.5188
246 6.1375 1.03496 32.2195 0.991609 64.3066
247 6.1625 1.0347 32.6339 0.986869 65.097
248 6.1875 1.03863 33.0532 0.989054 65.8957
249 6.2125 1.0372 33.4753 0.988892 66.7006
250 6.2375 1.03271 33.899 0.988664 67.5119
251 6.2625 1.03226 34.326 0.991562 68.3321
252 6.2875 1.02672 34.754 0.992669 69.1598
253 6.3125 1.03131 35.1874 0.995454 69.9964
254 6.3375 1.02391 35.621 0.995433 70.8396
255 6.3625 1.02397 36.0582 1.00004 71.6934
256 6.3875 1.0177 36.496 0.996142 72.5506
257 6.4125 1.01404 36.9357 0.995726 73.4142
258 6.4375 1.01258 37.3783 0.998058 74.2865
259 6.4625 1.00667 37.8216 1.00029 75.1676
260 6.4875 1.00396 38.2672 1.00089 76.0561
261 6.5125 1.01069 38.7193 0.997645 76.9485
262 6.5375 1.00434 39.1719 1.00043 77.8503
263 6.5625 1.00095 39.6265 1.00536 78.7634
264 6.5875 0.99915 40.0837 1.00508 79.6833
265 6.6125 0.993322 40.5417 1.00476 80.6099
266 6.6375 0.990993 41.0022 1.00864 81.5471
267 6.6625 0.991062 41.4661 1.00784 82.4907
268 6.6875 0.991952 41.9339 1.00431 83.438
269 6.7125 0.989812 42.4042 1.00527 84.3933
270 6.7375 0.986115 42.8763 1.0095 85.3598
271 6.7625 0.983923 43.3508 1.00101 86.3253
272 6.7875 0.981175 43.8275 1.00452 87.3013
273 6.8125 0.978283 44.3062 1.00494 88.285
274 6.8375 0.977085 44.788 1.00894 89.2799
275 6.8625 0.97454 45.2719 1.00779 90.2808
276 6.8875 0.971911 45.7581 1.00783 91.2892
277 6.9125 0.96722 46.2455 1.00897 92.306
278 6.9375 0.968316 46.737 1.01032 93.3316
279 6.9625 0.966715 47.2312 1.00669 94.3608
280 6.9875 0.965413 47.7282 1.00735 95.3981
281 7.0125 0.967258 48.2298 1.0045 96.44
282 7.0375 0.964112 48.7334 1.00685 97.4917
283 7.0625 0.966092 49.2415 1.00412 98.548
284 7.0875 0.964612 49.7525 1.00043 99.6079
285 7.1125 0.968185 50.269 1.00296 100.678
286 7.1375 0.966059 50.788 1.00191 101.755
287 7.1625 0.965514 51.3103 0.999942 102.836
288 7.1875 0.968855 51.8381 1.00047 103.927
289 7.2125 0.967828 52.3691 0.999889 105.024
290 7.2375 0.974012 52.9071 0.993771 106.121
291 7.2625 0.977404 53.4507 0.995749 107.229
292 7.2875 0.983904 54.0018 0.995903 108.345
293 7.3125 0.973424 54.5507 0.995882 109.468
294 7.3375 0.979506 55.1068 0.99475 110.597
295 7.3625 0.981608 55.6679 0.993646 111.733
296 7.3875 0.9812 56.2326 0.993784 112.877
297 7.4125 0.984987 56.8033 0.992822 114.028
298 7.4375 0.987805 57.3796 0.992637 115.186
299 7.4625 0.987706 57.9596 0.989105 116.348
300 7.4875 0.990644 58.5453 0.989934 117.518
301 7.5125 0.991989 59.1357 0.992593 118.7
302 7.5375 0.995626 59.7322 0.993114 119.89
303 7.5625 1.00005 60.3353 0.993234 121.088
304 7.5875 1.00629 60.9462 0.992171 122.292
305 7.6125 1.00255 61.5589 0.990721 123.503
306 7.6375 1.00038 62.1743 0.99362 124.726
307 7.6625 1.00201 62.7947 0.990954 125.953
308 7.6875 1.00252 63.4195 0.992362 127.19
309 7.7125 1.00624 64.0507 0.992302 128.435
310 7.7375 1.00825 64.6872 0.992907 129.688
311 7.7625 1.00936 65.3286 0.993225 130.951
312 7.7875 1.00935 65.9741 0.993782 132.222
313 7.8125 1.01178 66.6253 0.993747 133.501
314 7.8375 1.01393 67.2821 0.996854 134.792
315 7.8625 1.01353 67.9428 0.99673 136.092
316 7.8875 1.01068 68.6059 0.995373 137.398
317 7.9125 1.01614 69.2768 0.997609 138.715
318 7.9375 1.02006 69.9545 0.995959 140.039
319 7.9625 1.01805 70.6352 0.997369 141.372
320 7.9875 1.02073 71.3219 0.999587 142.717
321 8.0125 1.01845 72.0114 0.996986 144.067
322 8.0375 1.01376 72.7021 1.00259 145.433
323 8.0625 1.01864 73.4003 1.00376 146.81
324 8.0875 1.01579 74.101 0.998645 148.187
325 8.1125 1.0153 74.8056 1.00151 149.577
326 8.1375 1.01706 75.5159 0.997437 150.97
327 8.1625 1.01462 76.2287 1.00144 152.378
328 8.1875 1.01716 76.9478 1.00244 153.795
329 8.2125 1.01402 77.669 1.0038 155.223
330 8.2375 1.01942 78.3985 1.00159 156.656
331 8.2625 1.01719 79.1308 1.00647 158.105
332 8.2875 1.01388 79.8651 1.00487 159.561
333 8.3125 1.01622 80.6056 1.00604 161.027
334 8.3375 1.01445 81.3492 1.00857 162.506
335 8.3625 1.01224 82.0957 1.0076 163.992
336 8.3875 1.01364 82.8477 1.01035 165.491
337 8.4125 1.01107 83.6023 1.00941 166.998
338 8.4375 1.01027 84.3607 1.00909 168.513
339 8.4625 1.00703 85.1213 1.00863 170.036
340 8.4875 1.01199 85.89 1.0088 171.569
341 8.5125 1.01068 86.6623 1.00915 173.111
342 8.5375 1.01084 87.4393 1.00881 174.662
343 8.5625 1.00882 88.2193 1.01101 176.225
344 8.5875 1.00842 89.0035 1.01077 177.798
345 8.6125 1.01189 89.795 1.01003 179.378
346 8.6375 1.00715 90.5874 1.00859 180.965
347 8.6625 1.00517 91.3828 1.00719 182.559
348 8.6875 1.00698 92.1843 1.00864 184.164
349 8.7125 1.0039 92.9879 1.00892 185.779
350 8.7375 1.00683 93.7984 1.00733 187.401
351 8.7625 1.00393 94.6113 1.00843 189.034
352 8.7875 1.00555 95.4302 1.00894 190.678
353 8.8125 1.00696 96.2548 1.00745 192.328
354 8.8375 1.00184 97.0799 1.00582 193.985
355 8.8625 0.997509 97.9062 1.00567 195.651
356 8.8875 1.00458 98.7429 1.00711 197.328
357 8.9125 1.00774 99.5871 1.00565 199.013
358 8.9375 1.00236 100.431 1.00597 200.708
359 8.9625 1.00034 101.279 1.00722 202.414
360 8.9875 1.00051 102.131 1.00571 204.128
361 9.0125 0.994839 102.983 1.0058 205.851
362 9.0375 0.996378 103.841 1.00585 207.583
363 9.0625 0.996616 104.705 1.00394 209.322
364 9.0875 0.9943 105.57 1.00202 211.068
365 9.1125 0.993717 106.441 1.00273 212.824
366 9.1375 0.995388 107.317 1.00153 214.587
367 9.1625 0.998077 108.201 0.998798 216.356
368 9.1875 0.991147 109.083 1.00034 218.137
369 9.2125 0.992711 109.971 1.00172 219.93
370 9.2375 0.988459 110.861 0.999987 221.73
371 9.2625 0.99221 111.759 0.999781 223.539
372 9.2875 0.993277 112.662 1.00226 225.362
373 9.3125 0.99674 113.574 1.00215 227.195
374 9.3375 0.995548 114.489 1.0024 229.038
375 9.3625 0.989738 115.404 1.001 230.889
376 9.3875 0.990338 116.324 1.00086 232.749
377 9.4125 0.991667 117.251 1.00064 234.619
378 9.4375 0.993878 118.184 0.99658 236.491
379 9.4625 0.997336 119.126 0.999871 238.379
380 9.4875 0.997073 120.072 0.999551 240.277
381 9.5125 0.994165 121.021 0.996877 242.179
382 9.5375 0.991767 121.972 0.998157 244.094
383 9.5625 0.991496 122.928 0.997189 246.017
384 9.5875 0.994226 123.892 0.998177 247.953
385 9.6125 0.995276 124.862 0.997222 249.896
386 9.6375 0.989493 125.831 0.996478 251.848
387 9.6625 0.989557 126.805 0.996587 253.81
388 9.6875 0.990577 127.786 0.9958 255.781
389 9.7125 0.990975 128.772 0.995749 257.762
390 9.7375 0.990999 129.762 0.996524 259.755
391 9.7625 0.993775 130.761 0.997076 261.76
392 9.7875 0.997381 131.769 0.994707 263.769
393 9.8125 0.996056 132.78 0.995947 265.792
394 9.8375 1.00163 133.802 0.993644 267.82
395 9.8625 1.00305 134.831 0.996377 269.864
396 9.8875 1.00486 135.867 0.996865 271.919
397 9.9125 1.00649 136.91 0.996288 273.984
398 9.9375 1.00682 137.959 0.995567 276.058
399 9.9625 1.00483 139.01 0.997347 278.145
400 9.9875 1.00491 140.067 0.995963 280.241
