# Time-averaged data for fix outW
# TimeStep Number-of-rows
# Row c_grW[1] c_grW[2] c_grW[3] c_grW[4] c_grW[5] c_grW[6] c_grW[7]
20000000 400
1 0.0125 0 0 0 0 0 0
2 0.0375 0 0 0 0 0 0
3 0.0625 0 0 0 0 0 0
4 0.0875 0 0 0 0 0 0
5 0.1125 0 0 0 0 0 0
6 0.1375 0 0 0 0 0 0
7 0.1625 0 0 0 0 0 0
8 0.1875 0 0 0 0 0 0
9 0.2125 0 0 0 0 0 0
10 0.2375 0 0 0 0 0 0
11 0.2625 0 0 0 0 0 0
12 0.2875 0 0 0 0 0 0
13 0.3125 0 0 0 0 0 0
14 0.3375 0 0 0 0 0 0
15 0.3625 0 0 0 0 0 0
16 0.3875 0 0 0 0 0 0
17 0.4125 0 0 0 0 0 0
18 0.4375 0 0 0 0 0 0
19 0.4625 0 0 0 0 0 0
20 0.4875 0 0 0 0 0 0
21 0.5125 0 0 0 0 0 0
22 0.5375 0 0 0 0 0 0
23 0.5625 0 0 0 0 0 0
24 0.5875 0 0 0 0 0 0
25 0.6125 0 0 0 0 0 0
26 0.6375 0 0 0 0 0 0
27 0.6625 0 0 0 0 0 0
28 0.6875 0 0 0 0 0 0
29 0.7125 0 0 0 0 0 0
30 0.7375 0 0 0 0 0 0
31 0.7625 0 0 0 0 0 0
32 0.7875 0 0 0 0 0 0
33 0.8125 0 0 0 0 0 0
34 0.8375 0 0 0 0 0 0
35 0.8625 0 0 0 0 0 0
36 0.8875 0 0 0 0 0 0
37 0.9125 0 0 0 0 0 0
38 0.9375 0 0 0 0 0 0
39 0.9625 0 0 0 0 0 0
40 0.9875 48.6504 1.00064 0 0 0 0
41 1.0125 46.2183 2 0 0 0 0
42 1.0375 0 2 0 0 0 0
43 1.0625 0 2 0 0 0 0
44 1.0875 0 2 0 0 0 0
45 1.1125 0 2 0 0 0 0
46 1.1375 0 2 0 0 0 0
47 1.1625 0 2 0 0 0 0
48 1.1875 0 2 0 0 0 0
49 1.2125 0 2 0 0 3.15247e-07 9.76563e-09
50 1.2375 0 2 0 0 1.21055e-06 4.88281e-08
51 1.2625 0 2 0 0 1.74463e-06 1.07422e-07
52 1.2875 0 2 0 0 2.7959e-06 2.05078e-07
53 1.3125 0 2 0 0 1.10307e-05 6.05469e-07
54 1.3375 0 2 0 0 2.64259e-05 1.60156e-06
55 1.3625 7.48241e-07 2 0 0 7.43979e-05 4.51172e-06
56 1.3875 1.63545e-05 2 0 0 0.000124704 9.57031e-06
57 1.4125 0.000148756 2.00001 0 0 0.000246234 1.99219e-05
58 1.4375 0.000996203 2.00005 0 0 0.00045889 3.99023e-05
59 1.4625 0.00453705 2.00026 0 0 0.000816466 7.66992e-05
60 1.4875 0.01641 2.00102 0 0 0.00141575 0.000142705
61 1.5125 0.0466989 2.00327 0 0 0.00238718 0.000257773
62 1.5375 0.110691 2.00879 0 0 0.00387533 0.000450801
63 1.5625 0.221646 2.02021 0 0 0.00621355 0.000770439
64 1.5875 0.385622 2.0407 0 0 0.00948563 0.00127414
65 1.6125 0.597885 2.07349 0 0 0.0143797 0.00206196
66 1.6375 0.836397 2.12079 0 0 17.7205 1.00326
67 1.6625 1.0749 2.18345 0 0 0.0306395 1.00504
68 1.6875 1.28676 2.26074 0 0 0.0430381 1.00762
69 1.7125 1.44787 2.35029 0 0 0.0592455 1.01128
70 1.7375 1.54928 2.44894 0 0 0.0798519 1.01636
71 1.7625 1.58988 2.55311 0 0 0.1057 1.02328
72 1.7875 1.5748 2.65923 0 0 0.136638 1.03248
73 1.8125 1.51557 2.76424 0 0 0.173345 1.04448
74 1.8375 1.42507 2.86572 0 0 0.215457 1.05981
75 1.8625 1.31522 2.96195 0 0 0.263908 1.0791
76 1.8875 1.19547 3.05178 0 0 0.317963 1.10297
77 1.9125 1.07571 3.13476 0 0 0.376496 1.13198
78 1.9375 0.958729 3.21067 0 0 0.439973 1.16678
79 1.9625 0.850205 3.27973 0 0 0.506875 1.20792
80 1.9875 0.751273 3.34232 0 0 0.57632 1.25588
81 2.0125 0.663018 3.39896 0 0 0.647679 1.31116
82 2.0375 0.584059 3.4501 0 0 0.720923 1.37422
83 2.0625 0.515938 3.49639 0 0 0.793702 1.44536
84 2.0875 0.457265 3.53842 0 0 0.865061 1.52479
85 2.1125 0.406549 3.57668 0 0 0.934886 1.61269
86 2.1375 0.363179 3.61168 0 0 1.00144 1.7091
87 2.1625 0.326609 3.64389 0 0 1.06403 1.81395
88 2.1875 0.295699 3.67374 0 0 1.12188 1.92706
89 2.2125 0.269426 3.70155 0 0 1.17496 2.04825
90 2.2375 0.248145 3.72775 0 0 1.22084 2.17703
91 2.2625 0.230613 3.75265 0 0 1.26087 2.31303
92 2.2875 0.216195 3.77651 0 0 1.29338 2.45563
93 2.3125 0.205036 3.79964 0 0 1.31861 2.60421
94 2.3375 0.196799 3.82232 0 0 1.33617 2.75804
95 2.3625 0.190989 3.8448 3.32481e-06 1.95313e-07 1.34644 2.91638
96 2.3875 0.188231 3.86743 5.89253e-05 3.73047e-06 1.34799 3.07828
97 2.4125 0.187619 3.89046 0.000546814 3.72266e-05 1.34102 3.24274
98 2.4375 0.189847 3.91425 0.00339103 0.000249277 1.3277 3.40895
99 2.4625 0.19478 3.93916 0.0147373 0.00118984 1.30655 3.57589
100 2.4875 0.202199 3.96555 0.0500908 0.00445199 1.27985 3.74275
101 2.5125 0.212484 3.99384 0.135896 0.0134809 1.2475 3.90868
102 2.5375 0.225852 4.02451 0.305441 0.0341804 1.20938 4.07276
103 2.5625 0.242202 4.05805 0.58159 0.0743747 1.16774 4.23432
104 2.5875 0.262156 4.09507 0.967677 0.142563 1.12323 4.39278
105 2.6125 0.285693 4.1362 1.4326 0.245473 1.07722 4.54769
106 2.6375 0.312423 4.18203 1.9188 0.385959 1.03097 4.6988
107 2.6625 0.342958 4.23331 2.36931 0.562734 0.98428 4.84582
108 2.6875 0.37696 4.29074 2.72398 0.769805 0.940062 4.98888
109 2.7125 0.414522 4.35506 2.95827 0.998889 0.898091 5.12811
110 2.7375 0.455695 4.42709 3.06449 1.24059 0.860863 5.26404
111 2.7625 0.500059 4.50757 3.05131 1.48568 0.826606 5.39696
112 2.7875 0.548109 4.5974 2.94367 1.72641 0.797167 5.52747
113 2.8125 0.600029 4.6975 2.77021 1.95704 0.77173 5.6561
114 2.8375 0.655976 4.80889 2.55899 2.17389 0.751789 5.78364
115 2.8625 0.715023 4.93246 2.33287 2.37508 0.735591 5.91063
116 2.8875 0.778219 5.06931 2.10936 2.56018 0.723449 6.03773
117 2.9125 0.845864 5.22064 1.8986 2.72969 0.715097 6.16554
118 2.9375 0.916668 5.38747 1.70618 2.88464 0.710416 6.2947
119 2.9625 0.99079 5.57087 1.53914 3.02681 0.708795 6.42578
120 2.9875 1.06776 5.77186 1.39509 3.15786 0.709797 6.55926
121 3.0125 1.14521 5.99106 1.27388 3.27953 0.713201 6.69563
122 3.0375 1.22126 6.22871 1.17187 3.39333 0.719311 6.83547
123 3.0625 1.2944 6.48476 1.08994 3.50092 0.726492 6.97904
124 3.0875 1.36202 6.7586 1.02202 3.60346 0.735204 7.12671
125 3.1125 1.42203 7.04915 0.969298 3.70229 0.74614 7.27901
126 3.1375 1.47311 7.35499 0.92739 3.79838 0.757646 7.43616
127 3.1625 1.51312 7.67417 0.896101 3.8927 0.770792 7.59859
128 3.1875 1.54245 8.0047 0.872323 3.98598 0.784709 7.76658
129 3.2125 1.56079 8.34442 0.853296 4.07867 0.799057 7.94034
130 3.2375 1.56847 8.69116 0.839589 4.17129 0.814464 8.12021
131 3.2625 1.56704 9.04294 0.830715 4.26435 0.830542 8.30648
132 3.2875 1.55798 9.39807 0.824551 4.35814 0.846868 8.49933
133 3.3125 1.54201 9.75493 0.822482 4.45313 0.863915 8.69906
134 3.3375 1.52183 10.1125 0.822099 4.54951 0.88184 8.90603
135 3.3625 1.49704 10.4694 0.822825 4.64742 0.899655 9.12036
136 3.3875 1.4692 10.825 0.825809 4.74716 0.917498 9.34219
137 3.4125 1.44062 11.1789 0.829066 4.84877 0.935811 9.57181
138 3.4375 1.41005 11.5303 0.832887 4.95235 0.954103 9.80936
139 3.4625 1.37901 11.879 0.837617 5.05805 0.972384 10.055
140 3.4875 1.34784 12.2247 0.842808 5.16594 0.990847 10.3089
141 3.5125 1.31695 12.5674 0.848891 5.27617 1.00847 10.5711
142 3.5375 1.28616 12.9069 0.855637 5.38886 1.02611 10.8416
143 3.5625 1.25644 13.2432 0.862176 5.50403 1.04327 11.1206
144 3.5875 1.22721 13.5763 0.868996 5.62174 1.06012 11.4081
145 3.6125 1.1986 13.9062 0.876201 5.74208 1.07538 11.7038
146 3.6375 1.17106 14.233 0.883566 5.86513 1.09065 12.0079
147 3.6625 1.14528 14.557 0.891277 5.99096 1.10422 12.32
148 3.6875 1.1216 14.8787 0.898818 6.11959 1.11724 12.6401
149 3.7125 1.09978 15.1984 0.906479 6.25109 1.12966 12.9681
150 3.7375 1.07932 15.5163 0.91411 6.38548 1.14005 13.3037
151 3.7625 1.06152 15.8333 0.922231 6.52289 1.14906 13.6464
152 3.7875 1.04599 16.1498 0.929681 6.66325 1.15656 13.996
153 3.8125 1.03241 16.4662 0.937192 6.80662 1.16293 14.3521
154 3.8375 1.0208 16.7833 0.945885 6.95323 1.16774 14.7145
155 3.8625 1.01103 17.1014 0.954533 7.10311 1.17048 15.0824
156 3.8875 1.00297 17.4211 0.961983 7.25612 1.17125 15.4554
157 3.9125 0.996224 17.7427 0.971888 7.41271 1.1698 15.8327
158 3.9375 0.9907 18.0667 0.9801 7.57263 1.16707 16.2139
159 3.9625 0.98657 18.3934 0.988744 7.73603 1.16227 16.5985
160 3.9875 0.983453 18.7232 0.997391 7.90294 1.15625 16.9858
161 4.0125 0.981029 19.0563 1.0062 8.07344 1.14802 17.3753
162 4.0375 0.97877 19.3928 1.01489 8.24757 1.13934 17.7666
163 4.0625 0.976977 19.7329 1.02266 8.42521 1.12959 18.1594
164 4.0875 0.975611 20.0767 1.03111 8.60652 1.11951 18.5535
165 4.1125 0.974426 20.4243 1.03843 8.79137 1.10897 18.9487
166 4.1375 0.972973 20.7756 1.04688 8.97999 1.09857 19.345
167 4.1625 0.971699 21.1307 1.05428 9.17225 1.08861 19.7424
168 4.1875 0.970613 21.4896 1.0611 9.36808 1.07917 20.1411
169 4.2125 0.970019 21.8527 1.0678 9.56751 1.07057 20.5414
170 4.2375 0.968456 22.2194 1.07477 9.77063 1.06295 20.9436
171 4.2625 0.967576 22.5902 1.08022 9.97719 1.05619 21.3479
172 4.2875 0.966599 22.965 1.08507 10.1871 1.05014 21.7547
173 4.3125 0.965124 23.3435 1.09015 10.4005 1.04475 22.1641
174 4.3375 0.96362 23.7259 1.0945 10.6172 1.0406 22.5766
175 4.3625 0.962537 24.1123 1.09697 10.837 1.03727 22.9925
176 4.3875 0.961348 24.5026 1.09982 11.0598 1.03405 23.4119
177 4.4125 0.959972 24.8968 1.1021 11.2856 1.03209 23.8353
178 4.4375 0.958547 25.2949 1.1045 11.5145 1.03034 24.2628
179 4.4625 0.957487 25.697 1.10529 11.7462 1.02857 24.6944
180 4.4875 0.956198 26.1031 1.10628 11.9807 1.0276 25.1304
181 4.5125 0.955467 26.5135 1.10581 12.2177 1.02648 25.5708
182 4.5375 0.954655 26.928 1.10487 12.4571 1.02553 26.0157
183 4.5625 0.954222 27.347 1.10387 12.6989 1.02444 26.465
184 4.5875 0.95389 27.7704 1.1022 12.9431 1.02359 26.9189
185 4.6125 0.953988 28.1984 1.09981 13.1893 1.02243 27.3773
186 4.6375 0.954139 28.6312 1.09786 13.4378 1.02088 27.8399
187 4.6625 0.954695 29.0689 1.09441 13.6882 1.01946 28.3068
188 4.6875 0.955704 29.5118 1.09065 13.9405 1.01795 28.7781
189 4.7125 0.956831 29.96 1.08561 14.1942 1.01598 29.2535
190 4.7375 0.958147 30.4136 1.08108 14.4496 1.01403 29.733
191 4.7625 0.959811 30.8727 1.07647 14.7066 1.01197 30.2167
192 4.7875 0.961992 31.3377 1.07085 14.9649 1.00969 30.7043
193 4.8125 0.964257 31.8087 1.06579 15.2247 1.00736 31.1959
194 4.8375 0.966449 32.2857 1.0605 15.4859 1.00465 31.6912
195 4.8625 0.969283 32.7691 1.05491 15.7484 1.00185 32.1903
196 4.8875 0.972028 33.2588 1.05002 16.0124 0.999013 32.6932
197 4.9125 0.974833 33.755 1.04329 16.2774 0.995848 33.1995
198 4.9375 0.977516 34.2576 1.03784 16.5437 0.993223 33.7097
199 4.9625 0.98056 34.7669 1.03145 16.811 0.989838 34.2233
200 4.9875 0.983481 35.2829 1.02497 17.0793 0.987011 34.7407
201 5.0125 0.986537 35.8056 1.01822 17.3486 0.984136 35.2617
202 5.0375 0.989151 36.3351 1.01229 17.619 0.980632 35.786
203 5.0625 0.992429 36.8715 1.00697 17.8906 0.978057 36.3142
204 5.0875 0.995395 37.4149 1.00125 18.1633 0.975488 36.8461
205 5.1125 0.997941 37.965 0.994865 18.437 0.972808 37.3819
206 5.1375 1.00028 38.5218 0.98847 18.7116 0.970365 37.9215
207 5.1625 1.00288 39.0856 0.98304 18.9874 0.96815 38.4652
208 5.1875 1.00523 39.6561 0.977452 19.2642 0.966043 39.013
209 5.2125 1.00742 40.2334 0.971826 19.5421 0.96443 39.5651
210 5.2375 1.00934 40.8173 0.966224 19.8211 0.962916 40.1216
211 5.2625 1.01099 41.4078 0.960072 20.1009 0.961673 40.6828
212 5.2875 1.01282 42.0051 0.95497 20.3819 0.960168 41.2484
213 5.3125 1.014 42.6086 0.949876 20.664 0.959322 41.8189
214 5.3375 1.01534 43.2187 0.944067 20.9471 0.9592 42.3947
215 5.3625 1.01626 43.8351 0.939098 21.2313 0.959063 42.9758
216 5.3875 1.01677 44.4575 0.934285 21.5168 0.958748 43.5621
217 5.4125 1.01734 45.0861 0.929372 21.8033 0.959162 44.1541
218 5.4375 1.01741 45.7205 0.924677 22.091 0.959545 44.7519
219 5.4625 1.01749 46.3609 0.920755 22.3802 0.960154 45.3556
220 5.4875 1.01714 47.0068 0.9167 22.6707 0.961266 45.9655
221 5.5125 1.01666 47.6584 0.913048 22.9628 0.962555 46.5818
222 5.5375 1.01637 48.3157 0.911164 23.2568 0.96405 47.2047
223 5.5625 1.01527 48.9783 0.908534 23.5527 0.965658 47.8342
224 5.5875 1.01434 49.6462 0.907374 23.8508 0.967334 48.4706
225 5.6125 1.01291 50.3191 0.906355 24.1513 0.969204 49.1138
226 5.6375 1.01134 50.997 0.905959 24.4544 0.971312 49.7643
227 5.6625 1.00983 51.6799 0.905366 24.7599 0.973367 50.4219
228 5.6875 1.00785 52.3675 0.906459 25.0685 0.975415 51.0867
229 5.7125 1.00598 53.0599 0.908049 25.3804 0.977916 51.7591
230 5.7375 1.00379 53.7568 0.909854 25.6956 0.980176 52.4389
231 5.7625 1.00142 54.4582 0.912264 26.0144 0.982509 53.1264
232 5.7875 0.998868 55.1638 0.915247 26.3371 0.984626 53.8213
233 5.8125 0.99655 55.8739 0.918838 26.6638 0.987001 54.5239
234 5.8375 0.994378 56.5886 0.922148 26.9946 0.988945 55.234
235 5.8625 0.991602 57.3074 0.926421 27.3297 0.991123 55.9517
236 5.8875 0.989097 58.0305 0.930607 27.6692 0.993191 56.6771
237 5.9125 0.986722 58.758 0.934751 28.0131 0.995219 57.4101
238 5.9375 0.984573 59.49 0.939129 28.3615 0.997133 58.1508
239 5.9625 0.982413 60.2267 0.944351 28.7149 0.998807 58.899
240 5.9875 0.980489 60.968 0.948247 29.0727 1.00041 59.6547
241 6.0125 0.978606 61.7141 0.95376 29.4356 1.00191 60.4178
242 6.0375 0.976828 62.4651 0.958651 29.8033 1.00301 61.1882
243 6.0625 0.975285 63.2211 0.963379 30.176 1.00438 61.966
244 6.0875 0.973991 63.9824 0.968566 30.5538 1.00514 62.7508
245 6.1125 0.972766 64.7489 0.973434 30.9366 1.00577 63.5426
246 6.1375 0.971858 65.5211 0.978489 31.3245 1.0066 64.3415
247 6.1625 0.970993 66.2988 0.983208 31.7175 1.00694 65.1473
248 6.1875 0.970364 67.0823 0.987641 32.1155 1.00712 65.9597
249 6.2125 0.970315 67.8722 0.991987 32.5184 1.00767 66.7791
250 6.2375 0.970156 68.6682 0.996453 32.9264 1.0076 67.6051
251 6.2625 0.970326 69.4709 1.00044 33.3394 1.00749 68.4377
252 6.2875 0.970752 70.2803 1.00423 33.7572 1.00743 69.2768
253 6.3125 0.971107 71.0964 1.00813 34.18 1.00701 70.1223
254 6.3375 0.971932 71.9197 1.01177 34.6077 1.00692 70.9745
255 6.3625 0.972652 72.7502 1.01511 35.0402 1.00655 71.833
256 6.3875 0.973565 73.5879 1.01831 35.4775 1.00607 72.6979
257 6.4125 0.974457 74.433 1.0213 35.9195 1.0058 73.5693
258 6.4375 0.975848 75.286 1.02441 36.3663 1.00523 74.4471
259 6.4625 0.977224 76.1467 1.0278 36.8181 1.00497 75.3314
260 6.4875 0.978575 77.0154 1.03073 37.2747 1.00439 76.2221
261 6.5125 0.980202 77.8922 1.03332 37.7359 1.00382 77.1192
262 6.5375 0.98165 78.7771 1.03576 38.2018 1.00345 78.0228
263 6.5625 0.983224 79.6701 1.03777 38.6722 1.00267 78.9327
264 6.5875 0.985173 80.5718 1.03917 39.1468 1.00217 79.849
265 6.6125 0.986751 81.4818 1.04102 39.6259 1.00191 80.7721
266 6.6375 0.988591 82.4004 1.04212 40.1091 1.00134 81.7016
267 6.6625 0.990217 83.3274 1.044 40.5969 1.00095 82.6378
268 6.6875 0.99202 84.2631 1.04554 41.089 1.00075 83.5808
269 6.7125 0.993618 85.2074 1.04624 41.5852 1.00042 84.5306
270 6.7375 0.995483 86.1604 1.0472 42.0855 1.00007 85.4871
271 6.7625 0.99726 87.1223 1.04715 42.5895 1.00011 86.4508
272 6.7875 0.998916 88.0929 1.04763 43.0975 0.999848 87.4213
273 6.8125 1.00062 89.0724 1.04816 43.6095 1.00004 88.3992
274 6.8375 1.0023 90.0607 1.04834 44.1253 0.999788 89.3841
275 6.8625 1.0038 91.0577 1.04755 44.6445 0.999897 90.3763
276 6.8875 1.00526 92.0635 1.04731 45.1674 0.999918 91.3757
277 6.9125 1.00677 93.0781 1.04655 45.6937 0.999887 92.3824
278 6.9375 1.00811 94.1014 1.04525 46.2232 1.00006 93.3966
279 6.9625 1.00958 95.1336 1.0447 46.7562 1.00024 94.4182
280 6.9875 1.0108 96.1745 1.04351 47.2925 1.00048 95.4475
281 7.0125 1.01215 97.2242 1.04237 47.8319 1.00054 96.4842
282 7.0375 1.01316 98.2825 1.04086 48.3745 1.00102 97.5288
283 7.0625 1.01448 99.3498 1.03914 48.92 1.00086 98.5806
284 7.0875 1.01551 100.426 1.03742 49.4685 1.00135 99.6405
285 7.1125 1.01632 101.51 1.03612 50.0201 1.00154 100.708
286 7.1375 1.01739 102.603 1.03442 50.5748 1.00195 101.784
287 7.1625 1.01824 103.705 1.03207 51.132 1.00198 102.867
288 7.1875 1.01902 104.815 1.03028 51.6922 1.00222 103.958
289 7.2125 1.01975 105.934 1.0279 52.255 1.00267 105.057
290 7.2375 1.02029 107.061 1.02563 52.8204 1.00306 106.164
291 7.2625 1.02083 108.197 1.02355 53.3886 1.00327 107.279
292 7.2875 1.02111 109.34 1.02138 53.9595 1.00333 108.401
293 7.3125 1.02157 110.493 1.01964 54.5334 1.00369 109.532
294 7.3375 1.02172 111.653 1.01745 55.1099 1.00397 110.671
295 7.3625 1.02211 112.821 1.0153 55.6892 1.00413 111.818
296 7.3875 1.022 113.998 1.01336 56.2712 1.00452 112.973
297 7.4125 1.02174 115.182 1.01061 56.8556 1.00464 114.136
298 7.4375 1.02196 116.374 1.00845 57.4428 1.00488 115.307
299 7.4625 1.02167 117.574 1.00667 58.0328 1.00508 116.487
300 7.4875 1.02138 118.782 1.00477 58.6257 1.00524 117.674
301 7.5125 1.02075 119.997 1.00281 59.2213 1.0054 118.87
302 7.5375 1.02062 121.22 1.00074 59.8197 1.00564 120.074
303 7.5625 1.01994 122.45 0.999281 60.4212 1.00573 121.285
304 7.5875 1.01925 123.688 0.998227 61.0261 1.00589 122.506
305 7.6125 1.01842 124.932 0.996629 61.6339 1.00595 123.734
306 7.6375 1.01808 126.185 0.995272 62.245 1.00631 124.971
307 7.6625 1.01713 127.444 0.994268 62.8594 1.00627 126.216
308 7.6875 1.01622 128.711 0.993264 63.4772 1.00636 127.469
309 7.7125 1.01525 129.985 0.991422 64.0978 1.00668 128.73
310 7.7375 1.01444 131.266 0.990794 64.7222 1.00662 130
311 7.7625 1.01321 132.553 0.989986 65.35 1.00695 131.279
312 7.7875 1.0124 133.848 0.989408 65.9815 1.00691 132.565
313 7.8125 1.01142 135.15 0.988689 66.6166 1.007 133.86
314 7.8375 1.0102 136.459 0.987847 67.2553 1.00705 135.164
315 7.8625 1.00914 137.775 0.987768 67.898 1.00701 136.475
316 7.8875 1.0079 139.097 0.987633 68.5446 1.00714 137.796
317 7.9125 1.00688 140.427 0.986938 69.195 1.00714 139.124
318 7.9375 1.00572 141.763 0.986748 69.8493 1.00708 140.461
319 7.9625 1.00442 143.106 0.986685 70.5077 1.0072 141.807
320 7.9875 1.00354 144.456 0.986675 71.1702 1.00713 143.16
321 8.0125 1.00222 145.814 0.986399 71.8367 1.00703 144.523
322 8.0375 1.00107 147.177 0.986756 72.5077 1.00678 145.893
323 8.0625 1.00011 148.549 0.986678 73.1827 1.00658 147.272
324 8.0875 0.99914 149.927 0.987162 73.8623 1.00661 148.659
325 8.1125 0.997982 151.312 0.987031 74.546 1.00622 150.054
326 8.1375 0.997143 152.705 0.987517 75.2342 1.00615 151.458
327 8.1625 0.996204 154.105 0.988145 75.9271 1.00609 152.871
328 8.1875 0.99527 155.512 0.988486 76.6245 1.00575 154.291
329 8.2125 0.994365 156.926 0.988974 77.3266 1.00532 155.72
330 8.2375 0.993502 158.348 0.989425 78.0332 1.00527 157.157
331 8.2625 0.992843 159.778 0.990208 78.7447 1.00481 158.602
332 8.2875 0.992138 161.215 0.990724 79.4608 1.00439 160.056
333 8.3125 0.991474 162.66 0.991463 80.1819 1.00398 161.518
334 8.3375 0.991035 164.113 0.992572 80.9081 1.00379 162.988
335 8.3625 0.990406 165.574 0.992686 81.6387 1.00334 164.466
336 8.3875 0.989872 167.042 0.993727 82.3745 1.00309 165.953
337 8.4125 0.989231 168.519 0.994214 83.115 1.00276 167.448
338 8.4375 0.98909 170.004 0.995065 83.8606 1.00229 168.952
339 8.4625 0.988845 171.497 0.995481 84.6109 1.00182 170.464
340 8.4875 0.988339 172.999 0.996132 85.3662 1.00135 171.984
341 8.5125 0.988322 174.51 0.997074 86.1266 1.00109 173.512
342 8.5375 0.988185 176.029 0.997709 86.892 1.00061 175.049
343 8.5625 0.988071 177.557 0.99844 87.6624 1.0002 176.594
344 8.5875 0.988207 179.094 0.998371 88.4373 0.999745 178.147
345 8.6125 0.988072 180.639 0.998652 89.2169 0.999422 179.709
346 8.6375 0.988215 182.194 0.999447 90.0017 0.998901 181.279
347 8.6625 0.988442 183.759 0.999709 90.7913 0.998431 182.858
348 8.6875 0.98863 185.332 1.00017 91.5857 0.998027 184.445
349 8.7125 0.98888 186.915 1.00043 92.385 0.997939 186.041
350 8.7375 0.989157 188.508 1.00065 93.189 0.997443 187.646
351 8.7625 0.989599 190.111 1.00108 93.998 0.997169 189.259
352 8.7875 0.989936 191.723 1.0019 94.8123 0.996895 190.881
353 8.8125 0.990375 193.345 1.00201 95.6313 0.996634 192.512
354 8.8375 0.990692 194.977 1.00241 96.4553 0.996282 194.151
355 8.8625 0.991202 196.619 1.00256 97.2841 0.996099 195.8
356 8.8875 0.991516 198.271 1.00247 98.1175 0.995982 197.457
357 8.9125 0.992172 199.933 1.00238 98.9555 0.995677 199.124
358 8.9375 0.992489 201.605 1.00284 99.7986 0.995594 200.8
359 8.9625 0.99299 203.287 1.00333 100.647 0.995463 202.484
360 8.9875 0.993735 204.98 1.00367 101.5 0.995234 204.178
361 9.0125 0.994016 206.683 1.00345 102.358 0.995173 205.881
362 9.0375 0.994549 208.396 1.0037 103.221 0.995172 207.594
363 9.0625 0.995202 210.12 1.00382 104.088 0.995082 209.316
364 9.0875 0.995547 211.854 1.00375 104.961 0.995099 211.047
365 9.1125 0.996218 213.599 1.00371 105.838 0.995142 212.789
366 9.1375 0.996634 215.354 1.00387 106.72 0.99516 214.539
367 9.1625 0.997013 217.119 1.00377 107.607 0.995089 216.3
368 9.1875 0.997478 218.895 1.0033 108.498 0.995382 218.07
369 9.2125 0.997989 220.681 1.00303 109.394 0.99541 219.85
370 9.2375 0.9985 222.478 1.00316 110.295 0.995546 221.64
371 9.2625 0.999095 224.286 1.00273 111.201 0.995751 223.44
372 9.2875 0.999322 226.104 1.00244 112.111 0.99592 225.25
373 9.3125 0.999979 227.933 1.00247 113.026 0.996034 227.07
374 9.3375 1.00035 229.773 1.00262 113.946 0.996228 228.9
375 9.3625 1.00072 231.623 1.00263 114.871 0.996339 230.74
376 9.3875 1.00103 233.484 1.0025 115.801 0.996525 232.591
377 9.4125 1.00141 235.355 1.00241 116.735 0.996982 234.452
378 9.4375 1.00166 237.236 1.00252 117.675 0.997097 236.323
379 9.4625 1.0018 239.128 1.00237 118.62 0.99738 238.205
380 9.4875 1.00186 241.03 1.00236 119.569 0.997597 240.097
381 9.5125 1.00241 242.943 1.00218 120.524 0.997757 241.999
382 9.5375 1.00249 244.866 1.00176 121.483 0.998087 243.912
383 9.5625 1.00267 246.8 1.00157 122.447 0.998504 245.836
384 9.5875 1.00274 248.744 1.00167 123.416 0.998709 247.77
385 9.6125 1.00293 250.699 1.00152 124.39 0.999046 249.715
386 9.6375 1.00307 252.664 1.00129 125.369 0.999245 251.671
387 9.6625 1.00312 254.639 1.00111 126.352 0.999481 253.637
388 9.6875 1.00317 256.625 1.00102 127.341 0.999933 255.614
389 9.7125 1.0031 258.62 1.0012 128.335 0.999934 257.602
390 9.7375 1.00328 260.627 1.00117 129.334 1.00033 259.6
391 9.7625 1.00321 262.643 1.00137 130.339 1.00061 261.609
392 9.7875 1.00338 264.67 1.00124 131.348 1.00071 263.629
393 9.8125 1.00339 266.708 1.00087 132.363 1.00106 265.66
394 9.8375 1.00341 268.756 1.00127 133.382 1.00118 267.702
395 9.8625 1.00322 270.814 1.00105 134.407 1.00132 269.754
396 9.8875 1.00321 272.883 1.00106 135.437 1.00158 271.817
397 9.9125 1.00311 274.962 1.00154 136.473 1.00177 273.891
398 9.9375 1.00317 277.051 1.00176 137.514 1.00211 275.976
399 9.9625 1.00304 279.151 1.00108 138.56 1.00232 278.072
400 9.9875 1.00289 281.261 1.00163 139.611 1.00247 280.179
