6
CM
1  2  MORSE  17576.226160334118  2.526096974397777  1.5037393733487898
1  5  MORSE  43174.71744850279  1.8123428419628402  1.0902521835956467
1  6  MORSE  43174.71744850279  1.8123428419628402  1.0863729466284002
1  7  MORSE  43174.71744850279  1.8123428419628402  1.0863730719096965
2  3  MORSE  74759.19626781372  1.7938310125643018  1.2213234099829937
2  4  MORSE  74759.19626781372  1.7938310125643018  1.2213236709474118

9
CM
1  2  3  QUADRATIC  27254.675444695808  117.15586772023306
1  2  4  QUADRATIC  27254.675444695808  117.15593816651936
2  1  5  QUADRATIC  18518.25226849669  106.51597259356411
2  1  6  QUADRATIC  18518.25226849669  108.00819542861649
2  1  7  QUADRATIC  18518.25226849669  108.0081206904817
3  2  4  QUADRATIC  53869.960359875346  125.66389614146078
5  1  6  QUADRATIC  11669.834218601682  110.53798475106196
5  1  7  QUADRATIC  11669.834218601682  110.53792139525763
6  1  7  QUADRATIC  11669.834218601682  112.9584858221211

7
CM
5  1  2  3  DCOSMULT390  2.081104853893521  -89.15378089186372
6  1  2  3  DCOSMULT390  2.081104853893521  152.08460382234432
7  1  2  3  DCOSMULT390  2.081104853893521  29.60772155143406
5  1  2  4  DCOSMULT390NEG  0.2768833335740055  89.15591092550179
6  1  2  4  DCOSMULT390NEG  0.2768833335740055  -29.605704360290208
7  1  2  4  DCOSMULT390NEG  0.2768833335740055  -152.08258663120046
1  3  4  2  DCOSMULT2  12374.29730668982  1.2015369009165864
