# Time-averaged data for fix outC
# TimeStep Number-of-rows
# Row c_grC[1] c_grC[2] c_grC[3] c_grC[4] c_grC[5]
20000000 400
1 0.0125 0 0 0 0
2 0.0375 0 0 0 0
3 0.0625 0 0 0 0
4 0.0875 0 0 0 0
5 0.1125 0 0 0 0
6 0.1375 0 0 0 0
7 0.1625 0 0 0 0
8 0.1875 0 0 0 0
9 0.2125 0 0 0 0
10 0.2375 0 0 0 0
11 0.2625 0 0 0 0
12 0.2875 0 0 0 0
13 0.3125 0 0 0 0
14 0.3375 0 0 0 0
15 0.3625 0 0 0 0
16 0.3875 0 0 0 0
17 0.4125 0 0 0 0
18 0.4375 0 0 0 0
19 0.4625 0 0 0 0
20 0.4875 0 0 0 0
21 0.5125 0 0 0 0
22 0.5375 0 0 0 0
23 0.5625 0 0 0 0
24 0.5875 0 0 0 0
25 0.6125 0 0 0 0
26 0.6375 0 0 0 0
27 0.6625 0 0 0 0
28 0.6875 0 0 0 0
29 0.7125 0 0 0 0
30 0.7375 0 0 0 0
31 0.7625 0 0 0 0
32 0.7875 0 0 0 0
33 0.8125 0 0 0 0
34 0.8375 0 0 0 0
35 0.8625 0 0 0 0
36 0.8875 0 0 0 0
37 0.9125 0 0 0 0
38 0.9375 0 0 0 0
39 0.9625 0 0 0 0
40 0.9875 0 0 0 0
41 1.0125 0 0 0 0
42 1.0375 0 0 0 0
43 1.0625 0 0 0 0
44 1.0875 0 0 0 0
45 1.1125 0 0 0 0
46 1.1375 0 0 0 0
47 1.1625 0 0 0 0
48 1.1875 0 0 0 0
49 1.2125 0 0 0 0
50 1.2375 0 0 0 0
51 1.2625 0 0 0 0
52 1.2875 0 0 0 0
53 1.3125 0 0 0 0
54 1.3375 0 0 0 0
55 1.3625 0 0 0 0
56 1.3875 0 0 0 0
57 1.4125 0 0 0 0
58 1.4375 0 0 0 0
59 1.4625 0 0 0 0
60 1.4875 0 0 0 0
61 1.5125 0 0 0 0
62 1.5375 0 0 0 0
63 1.5625 0 0 0 0
64 1.5875 0 0 0 0
65 1.6125 0 0 0 0
66 1.6375 0 0 0 0
67 1.6625 0 0 0 0
68 1.6875 0 0 0 0
69 1.7125 0 0 0 0
70 1.7375 0 0 0 0
71 1.7625 0 0 0 0
72 1.7875 0 0 0 0
73 1.8125 0 0 0 0
74 1.8375 0 0 0 0
75 1.8625 0 0 0 0
76 1.8875 0 0 0 0
77 1.9125 0 0 0 0
78 1.9375 0 0 0 0
79 1.9625 0 0 0 0
80 1.9875 0 0 0 0
81 2.0125 0 0 0 0
82 2.0375 0 0 0 0
83 2.0625 0 0 0 0
84 2.0875 0 0 0 0
85 2.1125 0 0 0 0
86 2.1375 0 0 0 0
87 2.1625 0 0 0 0
88 2.1875 0 0 0 0
89 2.2125 0 0 0 0
90 2.2375 0 0 0 0
91 2.2625 0 0 0 0
92 2.2875 0 0 0 0
93 2.3125 0 0 4.4331e-05 5e-06
94 2.3375 0 0 0.000260327 3.5e-05
95 2.3625 0 0 0.000339795 7.5e-05
96 2.3875 0 0 0.000415896 0.000125
97 2.4125 0 0 0.000855374 0.00023
98 2.4375 0 0 0.000718215 0.00032
99 2.4625 0 0 0.00144651 0.000505
100 2.4875 0 0 0.00141758 0.00069
101 2.5125 0 0 0.00270391 0.00105
102 2.5375 0 0 0.00335043 0.001505
103 2.5625 0 0 0.00519884 0.002225
104 2.5875 0 0 0.00662144 0.00316
105 2.6125 0 0 0.00962142 0.004545
106 2.6375 0 0 0.0115528 0.00624
107 2.6625 0 0 0.0165204 0.00871
108 2.6875 0 0 0.0205142 0.011835
109 2.7125 0 0 0.0252287 0.01575
110 2.7375 0 0 0.0351462 0.021305
111 2.7625 0 0 0.0433042 0.028275
112 2.7875 0.000732241 6e-05 0.0512263 0.03667
113 2.8125 0.00167832 0.0002 0.0641958 0.04738
114 2.8375 0.00323887 0.000475 0.0793228 0.06085
115 2.8625 0.00474488 0.000885 0.0961706 0.07747
116 2.8875 0.00773388 0.001565 0.114814 0.09766
117 2.9125 0.0135265 0.002775 0.135573 0.121915
118 2.9375 0.0207152 0.00466 0.164265 0.15181
119 2.9625 0.0348994 0.00789 0.192865 0.18751
120 2.9875 0.0451019 0.012135 0.223916 0.22966
121 3.0125 0.0695387 0.01879 0.259895 0.279405
122 3.0375 0.0973308 0.02826 0.294176 0.33665
123 3.0625 0.129164 0.041035 0.339441 0.403795
124 3.0875 0.172243 0.05835 0.378084 0.47981
125 3.1125 0.224743 0.08131 0.421099 0.56585
126 3.1375 0.282201 0.110605 0.474165 0.664295
127 3.1625 0.34773 0.14728 0.518324 0.77363
128 3.1875 0.410943 0.19131 0.573061 0.89643
129 3.2125 0.481204 0.24368 0.612738 1.0298
130 3.2375 0.569068 0.30658 0.664674 1.17674
131 3.2625 0.657043 0.38033 0.70787 1.33564
132 3.2875 0.721229 0.46253 0.763499 1.50968
133 3.3125 0.803892 0.55555 0.810114 1.69716
134 3.3375 0.874769 0.658305 0.852954 1.89755
135 3.3625 0.955493 0.77223 0.897874 2.11165
136 3.3875 1.01751 0.89536 0.945739 2.34054
137 3.4125 1.10681 1.03128 0.991724 2.58412
138 3.4375 1.17736 1.17799 1.02689 2.84004
139 3.4625 1.22539 1.33291 1.0547 3.10673
140 3.4875 1.26843 1.49561 1.10328 3.38975
141 3.5125 1.31208 1.66632 1.13976 3.68632
142 3.5375 1.35892 1.84564 1.16546 3.99392
143 3.5625 1.39431 2.03226 1.20241 4.31578
144 3.5875 1.43064 2.22642 1.21874 4.6466
145 3.6125 1.47337 2.42919 1.24471 4.9892
146 3.6375 1.48999 2.63709 1.26955 5.34348
147 3.6625 1.49965 2.84923 1.28538 5.70713
148 3.6875 1.48371 3.06198 1.29838 6.07949
149 3.7125 1.48753 3.27818 1.32435 6.46446
150 3.7375 1.5125 3.50099 1.33546 6.85792
151 3.7625 1.49833 3.72467 1.35214 7.26163
152 3.7875 1.48354 3.94909 1.34537 7.66867
153 3.8125 1.48793 4.17717 1.37123 8.08904
154 3.8375 1.45161 4.40259 1.37202 8.51517
155 3.8625 1.46129 4.6325 1.37136 8.94668
156 3.8875 1.43016 4.86042 1.3825 9.38734
157 3.9125 1.42288 5.09011 1.39316 9.83713
158 3.9375 1.39957 5.31894 1.385 10.29
159 3.9625 1.3826 5.54786 1.38633 10.7491
160 3.9875 1.36434 5.77663 1.37163 11.2091
161 4.0125 1.3481 6.00551 1.36479 11.6725
162 4.0375 1.32331 6.233 1.35567 12.1386
163 4.0625 1.30782 6.46061 1.34138 12.6055
164 4.0875 1.29746 6.68921 1.34508 13.0795
165 4.1125 1.28429 6.91827 1.31849 13.5498
166 4.1375 1.25289 7.14445 1.31075 14.0231
167 4.1625 1.24987 7.37282 1.29713 14.4971
168 4.1875 1.23277 7.60078 1.26035 14.9632
169 4.2125 1.20667 7.82658 1.25963 15.4346
170 4.2375 1.18518 8.05101 1.23943 15.904
171 4.2625 1.19919 8.28078 1.22004 16.3715
172 4.2875 1.17965 8.50945 1.21986 16.8445
173 4.3125 1.17698 8.74029 1.19943 17.315
174 4.3375 1.16055 8.97054 1.17839 17.7825
175 4.3625 1.137 9.19873 1.17504 18.2542
176 4.3875 1.13193 9.42852 1.1565 18.7237
177 4.4125 1.12908 9.66034 1.14548 19.1941
178 4.4375 1.1208 9.89308 1.13548 19.6657
179 4.4625 1.11744 10.1277 1.12983 20.1402
180 4.4875 1.10851 10.3632 1.11947 20.6157
181 4.5125 1.10833 10.6011 1.10876 21.0919
182 4.5375 1.10743 10.8416 1.1032 21.5709
183 4.5625 1.113 11.0859 1.09488 22.0516
184 4.5875 1.11059 11.3324 1.08088 22.5314
185 4.6125 1.11412 11.5823 1.08242 23.0171
186 4.6375 1.11879 11.8361 1.07037 23.5026
187 4.6625 1.10754 12.09 1.06439 23.9906
188 4.6875 1.1133 12.348 1.05698 24.4804
189 4.7125 1.11021 12.608 1.05102 24.9727
190 4.7375 1.10554 12.8696 1.04574 25.4677
191 4.7625 1.11363 13.136 1.04107 25.9657
192 4.7875 1.11283 13.4049 1.03725 26.4672
193 4.8125 1.11264 13.6767 1.02809 26.9693
194 4.8375 1.11043 13.9507 1.0185 27.472
195 4.8625 1.12545 14.2313 1.01651 27.9789
196 4.8875 1.12228 14.5141 1.00873 28.4871
197 4.9125 1.11617 14.7981 1.00861 29.0005
198 4.9375 1.11209 15.084 0.998067 29.5137
199 4.9625 1.08715 15.3663 0.993071 30.0295
200 4.9875 1.0873 15.6516 0.995006 30.5515
201 5.0125 1.09275 15.9411 0.98753 31.0748
202 5.0375 1.05702 16.224 0.989879 31.6046
203 5.0625 1.04137 16.5054 0.985445 32.1373
204 5.0875 1.01495 16.7824 0.987343 32.6763
205 5.1125 0.9981 17.0575 0.990944 33.2225
206 5.1375 0.987763 17.3325 0.982967 33.7697
207 5.1625 0.971922 17.6056 0.983521 34.3226
208 5.1875 0.956639 17.8771 0.980293 34.8789
209 5.2125 0.947031 18.1484 0.977831 35.4393
210 5.2375 0.930959 18.4178 0.985734 36.0096
211 5.2625 0.921895 18.687 0.97782 36.5807
212 5.2875 0.909993 18.9553 0.985868 37.162
213 5.3125 0.910235 19.2262 0.975108 37.7425
214 5.3375 0.888364 19.4931 0.978876 38.3306
215 5.3625 0.877957 19.7593 0.975014 38.922
216 5.3875 0.878747 20.0283 0.971156 39.5165
217 5.4125 0.874419 20.2984 0.972305 40.1172
218 5.4375 0.858346 20.566 0.969647 40.7219
219 5.4625 0.859851 20.8366 0.966401 41.3301
220 5.4875 0.851263 21.1069 0.965307 41.9431
221 5.5125 0.847085 21.3784 0.96268 42.5601
222 5.5375 0.850509 21.6534 0.962194 43.1824
223 5.5625 0.847984 21.9301 0.953986 43.805
224 5.5875 0.850998 22.2103 0.950951 44.4311
225 5.6125 0.846565 22.4915 0.945599 45.0593
226 5.6375 0.845981 22.775 0.946279 45.6936
227 5.6625 0.846379 23.0612 0.941121 46.3301
228 5.6875 0.842927 23.3487 0.945178 46.9749
229 5.7125 0.840186 23.6379 0.935783 47.619
230 5.7375 0.844489 23.931 0.9404 48.2719
231 5.7625 0.850699 24.2289 0.928567 48.9222
232 5.7875 0.85687 24.5316 0.936423 49.5837
233 5.8125 0.862496 24.8389 0.933521 50.2489
234 5.8375 0.874061 25.153 0.935498 50.9213
235 5.8625 0.87381 25.4697 0.934758 51.5989
236 5.8875 0.877895 25.7906 0.931761 52.28
237 5.9125 0.883154 26.1161 0.93443 52.969
238 5.9375 0.896781 26.4495 0.934681 53.664
239 5.9625 0.898799 26.7865 0.939096 54.3681
240 5.9875 0.9121 27.1313 0.941553 55.08
241 6.0125 0.917279 27.481 0.940094 55.7968
242 6.0375 0.933216 27.8397 0.943576 56.5222
243 6.0625 0.939248 28.2038 0.936532 57.2482
244 6.0875 0.956255 28.5775 0.94142 57.984
245 6.1125 0.960505 28.9559 0.943081 58.7271
246 6.1375 0.962086 29.3381 0.946648 59.4792
247 6.1625 0.963872 29.7241 0.951125 60.241
248 6.1875 0.973003 30.1169 0.954204 61.0115
249 6.2125 0.981675 30.5165 0.952393 61.7868
250 6.2375 0.991991 30.9235 0.960239 62.5747
251 6.2625 0.991691 31.3336 0.96067 63.3693
252 6.2875 0.998861 31.75 0.970418 64.1785
253 6.3125 1.00266 32.1714 0.972653 64.9959
254 6.3375 1.00443 32.5968 0.978617 65.8249
255 6.3625 1.01899 33.0318 0.979562 66.6612
256 6.3875 1.02166 33.4714 0.979881 67.5044
257 6.4125 1.03141 33.9186 0.985337 68.359
258 6.4375 1.03906 34.3727 0.986909 69.2216
259 6.4625 1.04399 34.8325 0.989125 70.0928
260 6.4875 1.05256 35.2997 0.996579 70.9774
261 6.5125 1.05222 35.7703 0.99902 71.8711
262 6.5375 1.04738 36.2423 1.00026 72.7727
263 6.5625 1.04992 36.7192 1.00409 73.6848
264 6.5875 1.05397 37.2015 1.01109 74.6101
265 6.6125 1.05262 37.6868 1.00799 75.5397
266 6.6375 1.05312 38.1761 1.01104 76.4792
267 6.6625 1.0465 38.666 1.01395 77.4284
268 6.6875 1.0436 39.1582 1.01564 78.3864
269 6.7125 1.05064 39.6574 1.0149 79.3509
270 6.7375 1.04784 40.159 1.01505 80.3227
271 6.7625 1.04626 40.6636 1.02191 81.3084
272 6.7875 1.05131 41.1743 1.02231 82.3017
273 6.8125 1.04796 41.6872 1.02902 83.3089
274 6.8375 1.04985 42.2048 1.03019 84.3247
275 6.8625 1.05137 42.7269 1.02899 85.3468
276 6.8875 1.04557 43.25 1.03002 86.3773
277 6.9125 1.04587 43.777 1.03219 87.4175
278 6.9375 1.05137 44.3106 1.03529 88.4684
279 6.9625 1.05302 44.8489 1.03485 89.5265
280 6.9875 1.04155 45.3852 1.03841 90.5958
281 7.0125 1.0532 45.9314 1.03797 91.6723
282 7.0375 1.0545 46.4821 1.04147 92.7602
283 7.0625 1.04793 47.0333 1.04042 93.8547
284 7.0875 1.04379 47.5862 1.04614 94.963
285 7.1125 1.0456 48.144 1.03864 96.0712
286 7.1375 1.04419 48.705 1.04148 97.1902
287 7.1625 1.0419 49.2687 1.03889 98.3143
288 7.1875 1.04782 49.8395 1.03738 99.4446
289 7.2125 1.03991 50.41 1.04242 100.588
290 7.2375 1.03668 50.9826 1.03749 101.734
291 7.2625 1.03976 51.5609 1.03919 102.89
292 7.2875 1.03907 52.1429 1.03736 104.052
293 7.3125 1.03683 52.7275 1.04152 105.227
294 7.3375 1.03491 53.3151 1.04073 106.409
295 7.3625 1.03534 53.9069 1.03278 107.59
296 7.3875 1.03448 54.5023 1.03645 108.783
297 7.4125 1.03235 55.1005 1.03395 109.981
298 7.4375 1.0374 55.7056 1.04114 111.195
299 7.4625 1.03095 56.3111 1.03163 112.407
300 7.4875 1.02274 56.9157 1.03331 113.629
301 7.5125 1.02187 57.5239 1.0319 114.857
302 7.5375 1.01545 58.1323 1.02834 116.089
303 7.5625 1.02054 58.7478 1.03099 117.333
304 7.5875 1.02029 59.3672 1.02682 118.58
305 7.6125 1.01523 59.9876 1.0233 119.83
306 7.6375 1.01284 60.6106 1.0244 121.091
307 7.6625 1.01509 61.2391 1.0222 122.357
308 7.6875 1.01566 61.8721 1.02052 123.629
309 7.7125 1.01955 62.5116 1.01633 124.904
310 7.7375 1.01822 63.1545 1.02022 126.192
311 7.7625 1.0143 63.799 1.01535 127.482
312 7.7875 1.01764 64.4498 1.01507 128.781
313 7.8125 1.01216 65.1013 1.01458 130.087
314 7.8375 1.00457 65.752 1.0113 131.397
315 7.8625 1.00733 66.4087 1.00759 132.71
316 7.8875 0.998292 67.0636 1.00858 134.034
317 7.9125 1.01221 67.7319 1.00821 135.365
318 7.9375 1.01211 68.4044 1.0094 136.706
319 7.9625 1.00722 69.0778 1.01477 138.063
320 7.9875 1.0079 69.7559 1.0077 139.419
321 8.0125 1.01118 70.4405 1.00831 140.785
322 8.0375 1.01171 71.1297 1.00692 142.157
323 8.0625 1.00562 71.8191 1.008 143.539
324 8.0875 1.00256 72.5106 1.01015 144.932
325 8.1125 1.00839 73.2104 1.0091 146.333
326 8.1375 1.01246 73.9175 1.00667 147.739
327 8.1625 1.01 74.6271 1.00505 149.151
328 8.1875 1.01459 75.3443 1.00471 150.571
329 8.2125 1.01677 76.0675 1.00828 152.006
330 8.2375 1.00533 76.7869 1.00622 153.446
331 8.2625 1.00656 77.5115 1.00943 154.899
332 8.2875 1.00817 78.2417 1.00259 156.351
333 8.3125 1.0083 78.9764 1.00583 157.817
334 8.3375 0.999433 79.7091 1.00224 159.287
335 8.3625 0.996721 80.4441 1.0055 160.77
336 8.3875 0.998923 81.1852 1.00677 162.264
337 8.4125 1.00094 81.9322 1.0051 163.764
338 8.4375 1.00176 82.6843 1.00448 165.272
339 8.4625 0.994636 83.4354 1.00301 166.787
340 8.4875 1.0034 84.1977 1.00549 168.315
341 8.5125 0.996007 84.9588 1.00291 169.847
342 8.5375 0.997013 85.7251 1.00441 171.391
343 8.5625 0.996424 86.4955 0.99883 172.936
344 8.5875 1.00016 87.2733 1.00122 174.493
345 8.6125 1.0008 88.0561 1.00091 176.059
346 8.6375 0.999545 88.8425 1.00213 177.636
347 8.6625 0.994245 89.6293 1.00009 179.219
348 8.6875 1.00137 90.4263 1.00279 180.815
349 8.7125 1.00021 91.2269 1.00145 182.418
350 8.7375 1.00215 92.0337 1.00296 184.033
351 8.7625 0.996073 92.8403 1.00119 185.654
352 8.7875 0.997168 93.6523 1.00218 187.287
353 8.8125 0.994644 94.4669 1.00307 188.93
354 8.8375 0.999212 95.2898 1.00265 190.581
355 8.8625 0.997464 96.116 1.00625 192.248
356 8.8875 1.00092 96.9497 1.0049 193.922
357 8.9125 0.999608 97.7871 1.00565 195.607
358 8.9375 0.999396 98.6289 1.00809 197.305
359 8.9625 1.00243 99.478 1.00511 199.008
360 8.9875 1.00646 100.335 1.00545 200.721
361 9.0125 1.00504 101.196 1.00902 202.45
362 9.0375 0.999577 102.057 1.0083 204.186
363 9.0625 1.00021 102.923 1.00361 205.925
364 9.0875 1.00269 103.797 1.00786 207.68
365 9.1125 0.99686 104.67 1.00871 209.447
366 9.1375 0.999034 105.549 1.00935 211.224
367 9.1625 1.00576 106.44 1.00732 213.008
368 9.1875 1.00115 107.331 1.00279 214.793
369 9.2125 0.999532 108.225 0.997859 216.579
370 9.2375 0.996285 109.122 0.998602 218.377
371 9.2625 0.999077 110.026 0.996192 220.179
372 9.2875 1.00038 110.936 1.00047 221.999
373 9.3125 1.00553 111.855 0.998604 223.826
374 9.3375 1.01117 112.785 0.99815 225.661
375 9.3625 1.00692 113.716 1.00033 227.511
376 9.3875 1.00472 114.65 1.00146 229.372
377 9.4125 1.0019 115.586 1.00306 231.246
378 9.4375 1.00225 116.527 1.00278 233.13
379 9.4625 1.00492 117.476 1.00008 235.018
380 9.4875 1.00771 118.432 1.00614 236.929
381 9.5125 1.00867 119.395 1.00333 238.843
382 9.5375 1.00709 120.361 1.00527 240.772
383 9.5625 1.00218 121.327 1.0023 242.705
384 9.5875 1.00729 122.304 1.00493 244.653
385 9.6125 1.00493 123.283 1.00506 246.612
386 9.6375 1.00652 124.269 1.00327 248.577
387 9.6625 1.00145 125.255 1.00531 250.557
388 9.6875 1.00277 126.247 1.00339 252.543
389 9.7125 1.00648 127.248 1.00621 254.545
390 9.7375 1.00852 128.257 1.00514 256.555
391 9.7625 1.00853 129.27 1.00353 258.572
392 9.7875 1.00771 130.288 1.00462 260.602
393 9.8125 1.00087 131.305 1.00307 262.639
394 9.8375 1.00415 132.329 1.00443 264.689
395 9.8625 1.00038 133.356 1.00282 266.746
396 9.8875 1.00558 134.392 1.00457 268.818
397 9.9125 1.00613 135.435 1.00249 270.895
398 9.9375 1.00305 136.479 1.00313 272.984
399 9.9625 0.995958 137.522 1.00462 275.087
400 9.9875 1.00305 138.577 1.00579 277.203
