# Time-averaged data for fix outH
# TimeStep Number-of-rows
# Row c_grH[1] c_grH[2] c_grH[3] c_grH[4] c_grH[5]
20000000 400
1 0.0125 0 0 0 0
2 0.0375 0 0 0 0
3 0.0625 0 0 0 0
4 0.0875 0 0 0 0
5 0.1125 0 0 0 0
6 0.1375 0 0 0 0
7 0.1625 0 0 0 0
8 0.1875 0 0 0 0
9 0.2125 0 0 0 0
10 0.2375 0 0 0 0
11 0.2625 0 0 0 0
12 0.2875 0 0 0 0
13 0.3125 0 0 0 0
14 0.3375 0 0 0 0
15 0.3625 0 0 0 0
16 0.3875 0 0 0 0
17 0.4125 0 0 0 0
18 0.4375 0 0 0 0
19 0.4625 0 0 0 0
20 0.4875 0 0 0 0
21 0.5125 0 0 0 0
22 0.5375 0 0 0 0
23 0.5625 0 0 0 0
24 0.5875 0 0 0 0
25 0.6125 0 0 0 0
26 0.6375 0 0 0 0
27 0.6625 0 0 0 0
28 0.6875 0 0 0 0
29 0.7125 0 0 0 0
30 0.7375 0 0 0 0
31 0.7625 0 0 0 0
32 0.7875 0 0 0 0
33 0.8125 0 0 0 0
34 0.8375 0 0 0 0
35 0.8625 0 0 0 0
36 0.8875 0 0 0 0
37 0.9125 0 0 0 0
38 0.9375 0 0 0 0
39 0.9625 0 0 0 0
40 0.9875 0 0 0 0
41 1.0125 0 0 0 0
42 1.0375 0 0 0 0
43 1.0625 0 0 0 0
44 1.0875 0 0 0 0
45 1.1125 0 0 0 0
46 1.1375 0 0 0 0
47 1.1625 0 0 0 0
48 1.1875 0 0 0 0
49 1.2125 0 0 0 0
50 1.2375 0 0 0 0
51 1.2625 0 0 0 0
52 1.2875 0 0 0 0
53 1.3125 0 0 0 0
54 1.3375 0 0 0 0
55 1.3625 0 0 0 0
56 1.3875 0 0 0 0
57 1.4125 0 0 0 0
58 1.4375 0 0 0 0
59 1.4625 0 0 0 0
60 1.4875 0 0 0 0
61 1.5125 0 0 0 0
62 1.5375 0 0 0 0
63 1.5625 0 0 0 0
64 1.5875 0 0 0 0
65 1.6125 0 0 0 0
66 1.6375 0 0 8.84106e-05 5e-06
67 1.6625 0 0 5.71811e-05 8.33333e-06
68 1.6875 0 0 0.000110999 1.5e-05
69 1.7125 0 0 0.0002964 3.33333e-05
70 1.7375 0 0 0.000392634 5.83333e-05
71 1.7625 0 0 0.000483328 9e-05
72 1.7875 0 0 0.000766684 0.000141667
73 1.8125 0 0 0.00113055 0.00022
74 1.8375 0 0 0.00175531 0.000345
75 1.8625 0 0 0.00214133 0.000501667
76 1.8875 0 0 0.00361544 0.000773333
77 1.9125 0 0 0.00499065 0.00115833
78 1.9375 0 0 0.00684145 0.0017
79 1.9625 0 0 0.00789932 0.00234167
80 1.9875 0 0 0.0122429 0.00336167
81 2.0125 0 0 0.015199 0.00466
82 2.0375 0 0 0.0196632 0.00638167
83 2.0625 0 0 0.0262298 0.008735
84 2.0875 0 0 0.0319704 0.0116733
85 2.1125 0 0 0.0423562 0.01566
86 2.1375 0 0 0.0513854 0.0206117
87 2.1625 0 0 0.0632325 0.0268483
88 2.1875 3.30281e-05 1.66667e-06 0.0758159 0.0345
89 2.2125 0.000193715 1.16667e-05 0.087301 0.0435133
90 2.2375 0.000599801 4.33333e-05 0.103371 0.0544283
91 2.2625 0.00185248 0.000143333 0.122572 0.0676617
92 2.2875 0.00486277 0.000411667 0.142651 0.083405
93 2.3125 0.0104326 0.001 0.165044 0.10202
94 2.3375 0.0196402 0.00213167 0.186278 0.123487
95 2.3625 0.0363864 0.00427333 0.209866 0.148192
96 2.3875 0.060998 0.00794 0.235549 0.17651
97 2.4125 0.0877098 0.0133233 0.259966 0.208422
98 2.4375 0.122416 0.0209933 0.289334 0.244678
99 2.4625 0.169906 0.0318583 0.313345 0.284753
100 2.4875 0.219329 0.04617 0.338878 0.328978
101 2.5125 0.278152 0.0646867 0.366793 0.377813
102 2.5375 0.332834 0.0872867 0.393694 0.431278
103 2.5625 0.388806 0.11421 0.416545 0.488967
104 2.5875 0.445749 0.145682 0.444616 0.55175
105 2.6125 0.513397 0.182633 0.46815 0.61914
106 2.6375 0.564894 0.224073 0.494475 0.691688
107 2.6625 0.610875 0.26974 0.519455 0.769353
108 2.6875 0.654639 0.319602 0.544727 0.852333
109 2.7125 0.704427 0.374258 0.567414 0.940385
110 2.7375 0.742867 0.432965 0.593246 1.03415
111 2.7625 0.774755 0.495315 0.607481 1.13193
112 2.7875 0.810224 0.561705 0.625679 1.23446
113 2.8125 0.837223 0.631543 0.648711 1.34269
114 2.8375 0.852922 0.703962 0.667344 1.45601
115 2.8625 0.876318 0.779683 0.682433 1.57395
116 2.8875 0.890192 0.857953 0.701802 1.69736
117 2.9125 0.909146 0.93928 0.716002 1.82546
118 2.9375 0.923757 1.02334 0.727613 1.95788
119 2.9625 0.927824 1.10921 0.745422 2.09586
120 2.9875 0.938091 1.1975 0.751662 2.23735
121 3.0125 0.935664 1.28705 0.767268 2.38421
122 3.0375 0.948041 1.37929 0.775811 2.53518
123 3.0625 0.943495 1.47261 0.782331 2.68993
124 3.0875 0.953379 1.56845 0.791847 2.84914
125 3.1125 0.945728 1.66506 0.804448 3.0135
126 3.1375 0.942935 1.76295 0.811186 3.18192
127 3.1625 0.943935 1.86251 0.821839 3.35528
128 3.1875 0.945738 1.96384 0.829329 3.53299
129 3.2125 0.939054 2.06603 0.835499 3.71485
130 3.2375 0.936218 2.16951 0.84123 3.90082
131 3.2625 0.940441 2.27507 0.849598 4.09154
132 3.2875 0.935843 2.38173 0.856782 4.28684
133 3.3125 0.926495 2.48894 0.857178 4.48521
134 3.3375 0.92443 2.59753 0.867895 4.68911
135 3.3625 0.928795 2.70827 0.86801 4.89609
136 3.3875 0.919116 2.81949 0.879099 5.10886
137 3.4125 0.922609 2.93279 0.882512 5.32561
138 3.4375 0.912288 3.04647 0.886173 5.54646
139 3.4625 0.910907 3.16164 0.891641 5.77192
140 3.4875 0.911565 3.27856 0.896283 6.00183
141 3.5125 0.912111 3.39723 0.894843 6.23468
142 3.5375 0.907461 3.51698 0.904784 6.47348
143 3.5625 0.90406 3.63798 0.909962 6.71706
144 3.5875 0.901094 3.76028 0.919066 6.96653
145 3.6125 0.900292 3.88418 0.916508 7.21879
146 3.6375 0.90504 4.01046 0.931963 7.47887
147 3.6625 0.897004 4.13735 0.931655 7.74245
148 3.6875 0.898086 4.26613 0.93446 8.01044
149 3.7125 0.897682 4.3966 0.941256 8.28405
150 3.7375 0.905637 4.53001 0.944507 8.56232
151 3.7625 0.896388 4.66382 0.944372 8.84428
152 3.7875 0.894212 4.7991 0.952119 9.13235
153 3.8125 0.89194 4.93581 0.95519 9.42517
154 3.8375 0.892698 5.07445 0.961158 9.7237
155 3.8625 0.902176 5.21638 0.959636 10.0257
156 3.8875 0.89997 5.35981 0.96816 10.3342
157 3.9125 0.907059 5.50624 0.974365 10.6488
158 3.9375 0.903895 5.65402 0.979554 10.9691
159 3.9625 0.913865 5.80534 0.981109 11.294
160 3.9875 0.916109 5.95894 0.985559 11.6245
161 4.0125 0.921495 6.1154 0.997062 11.9631
162 4.0375 0.927057 6.27477 0.996087 12.3056
163 4.0625 0.925478 6.43584 0.999982 12.6537
164 4.0875 0.941464 6.60172 1.00872 13.0091
165 4.1125 0.945752 6.77039 1.01504 13.3712
166 4.1375 0.964353 6.94448 1.01847 13.7389
167 4.1625 0.965765 7.12094 1.02266 14.1126
168 4.1875 0.986562 7.30338 1.029 14.4932
169 4.2125 0.990242 7.48868 1.03113 14.8791
170 4.2375 1.00085 7.6782 1.03607 15.2715
171 4.2625 1.01664 7.87299 1.0415 15.6706
172 4.2875 1.01609 8.06996 1.04176 16.0745
173 4.3125 1.03395 8.27274 1.04648 16.4849
174 4.3375 1.0406 8.4792 1.0541 16.9032
175 4.3625 1.04195 8.68831 1.05378 17.3262
176 4.3875 1.04492 8.90043 1.05331 17.7538
177 4.4125 1.04507 9.11501 1.05709 18.1879
178 4.4375 1.05051 9.33315 1.06248 18.6292
179 4.4625 1.04739 9.55311 1.0666 19.0772
180 4.4875 1.04836 9.77574 1.06872 19.5311
181 4.5125 1.04713 10.0006 1.06775 19.9896
182 4.5375 1.04065 10.2265 1.07098 20.4547
183 4.5625 1.0378 10.4544 1.06518 20.9223
184 4.5875 1.0289 10.6827 1.06486 21.395
185 4.6125 1.02564 10.9128 1.0608 21.871
186 4.6375 1.02522 11.1453 1.06239 22.3529
187 4.6625 1.01662 11.3784 1.05988 22.8388
188 4.6875 1.01818 11.6143 1.06018 23.3301
189 4.7125 1.01689 11.8524 1.05626 23.8249
190 4.7375 1.01255 12.0921 1.05658 24.325
191 4.7625 1.00211 12.3318 1.05209 24.8283
192 4.7875 1.00464 12.5746 1.04801 25.3349
193 4.8125 1.00287 12.8195 1.04225 25.844
194 4.8375 0.996851 13.0656 1.03928 26.357
195 4.8625 0.992296 13.313 1.03428 26.8727
196 4.8875 0.993087 13.5631 1.03132 27.3923
197 4.9125 0.992874 13.8158 1.02574 27.9144
198 4.9375 0.992207 14.0709 1.02603 28.442
199 4.9625 0.987266 14.3273 1.02044 28.972
200 4.9875 0.991708 14.5874 1.01831 29.5062
201 5.0125 0.992037 14.8503 1.01484 30.044
202 5.0375 0.992504 15.1159 1.0127 30.586
203 5.0625 0.990847 15.3837 1.01149 31.1328
204 5.0875 0.993138 15.6547 1.00772 31.6829
205 5.1125 0.998342 15.9299 1.00869 32.2389
206 5.1375 1.00223 16.2089 1.00577 32.7988
207 5.1625 1.00193 16.4905 1.00297 33.3626
208 5.1875 1.00812 16.7766 1.00387 33.9323
209 5.2125 1.01507 17.0674 1.00284 34.507
210 5.2375 1.01297 17.3604 0.998882 35.0849
211 5.2625 1.01774 17.6576 1.00075 35.6694
212 5.2875 1.02216 17.959 0.999453 36.2588
213 5.3125 1.02404 18.2638 0.998656 36.8532
214 5.3375 1.03325 18.5742 0.99872 37.4533
215 5.3625 1.02989 18.8865 0.999441 38.0595
216 5.3875 1.03727 19.204 0.996664 38.6696
217 5.4125 1.04334 19.5263 0.998691 39.2866
218 5.4375 1.04371 19.8517 0.994525 39.9068
219 5.4625 1.04358 20.1801 0.99326 40.5319
220 5.4875 1.04361 20.5115 0.995121 41.1639
221 5.5125 1.04642 20.8468 0.996437 41.8025
222 5.5375 1.04614 21.1851 0.995583 42.4464
223 5.5625 1.05025 21.5278 0.996277 43.0966
224 5.5875 1.05117 21.8739 0.998643 43.7541
225 5.6125 1.05175 22.2233 0.997611 44.4169
226 5.6375 1.0485 22.5747 0.99925 45.0867
227 5.6625 1.04917 22.9294 0.999511 45.7626
228 5.6875 1.04708 23.2866 0.998075 46.4436
229 5.7125 1.04504 23.6462 0.998115 47.1305
230 5.7375 1.04288 24.0083 1.001 47.8255
231 5.7625 1.03926 24.3722 0.999621 48.5256
232 5.7875 1.03566 24.738 1.00262 49.2339
233 5.8125 1.03673 25.1074 1.00454 49.9497
234 5.8375 1.03145 25.478 1.00283 50.6704
235 5.8625 1.03293 25.8524 1.00633 51.3999
236 5.8875 1.02082 26.2255 1.00715 52.1362
237 5.9125 1.02137 26.6021 1.00909 52.8802
238 5.9375 1.0189 26.9809 1.00954 53.6308
239 5.9625 1.01083 27.3598 1.01274 54.3902
240 5.9875 1.00835 27.741 1.00872 55.1529
241 6.0125 1.00417 28.1238 1.01149 55.9241
242 6.0375 1.00417 28.5098 1.01212 56.7022
243 6.0625 1.00574 28.8997 1.01199 57.4866
244 6.0875 1.0028 29.2915 1.01117 58.277
245 6.1125 0.998842 29.6851 1.01076 59.0734
246 6.1375 0.997313 30.0813 1.01185 59.8773
247 6.1625 0.993291 30.4791 1.01002 60.6863
248 6.1875 0.99475 30.8807 1.01255 61.5039
249 6.2125 0.99511 31.2857 1.01273 62.3283
250 6.2375 0.993486 31.6933 1.01321 63.1597
251 6.2625 0.994972 32.1048 1.01353 63.998
252 6.2875 0.991769 32.5183 1.01005 64.8402
253 6.3125 0.990203 32.9343 1.01169 65.6905
254 6.3375 0.988722 33.3531 1.00875 66.545
255 6.3625 0.992563 33.7768 1.01156 67.4086
256 6.3875 0.990441 34.203 1.01017 68.2779
257 6.4125 0.985704 34.6304 1.00829 69.1523
258 6.4375 0.985 35.0609 1.01021 70.0353
259 6.4625 0.986715 35.4954 1.00877 70.9239
260 6.4875 0.983184 35.9318 1.00988 71.8203
261 6.5125 0.986009 36.3728 1.00875 72.7226
262 6.5375 0.985335 36.8169 1.00827 73.6315
263 6.5625 0.983398 37.2635 1.00905 74.548
264 6.5875 0.985326 37.7144 1.00748 75.4701
265 6.6125 0.988466 38.1702 1.00629 76.3981
266 6.6375 0.987118 38.6288 1.00605 77.3329
267 6.6625 0.993332 39.0938 1.00776 78.2764
268 6.6875 0.994751 39.5629 1.00468 79.2241
269 6.7125 0.996408 40.0364 1.00852 80.1825
270 6.7375 0.998919 40.5146 1.00605 81.1457
271 6.7625 0.993948 40.9939 1.00623 82.1162
272 6.7875 0.996311 41.478 1.00482 83.0925
273 6.8125 0.997975 41.9664 1.00405 84.0753
274 6.8375 0.997269 42.458 1.00513 85.0664
275 6.8625 1.00061 42.955 1.00561 86.0652
276 6.8875 1.00259 43.4565 1.00418 87.0699
277 6.9125 1.00082 43.9608 1.00733 88.0851
278 6.9375 1.00677 44.4718 1.00588 89.1061
279 6.9625 1.00769 44.9869 1.00753 90.1362
280 6.9875 1.00455 45.5042 1.00603 91.1722
281 7.0125 1.00693 46.0263 1.00601 92.2156
282 7.0375 1.0099 46.5538 1.00784 93.2684
283 7.0625 1.00971 47.0849 1.00781 94.3286
284 7.0875 1.01469 47.6224 1.00695 95.3954
285 7.1125 1.01287 48.1627 1.01001 96.473
286 7.1375 1.01458 48.7078 1.0084 97.5565
287 7.1625 1.01789 49.2585 1.00844 98.6476
288 7.1875 1.01651 49.8122 1.00931 99.7473
289 7.2125 1.0131 50.368 1.0078 100.853
290 7.2375 1.01451 50.9284 1.00708 101.966
291 7.2625 1.01558 51.4933 1.00748 103.086
292 7.2875 1.01656 52.0626 1.00738 104.215
293 7.3125 1.01759 52.6364 1.00644 105.35
294 7.3375 1.01554 53.213 1.00819 106.495
295 7.3625 1.01492 53.7932 1.00965 107.649
296 7.3875 1.01541 54.3775 1.01031 108.812
297 7.4125 1.01534 54.9659 1.0088 109.981
298 7.4375 1.01542 55.5582 1.00892 111.158
299 7.4625 1.01423 56.1538 1.00783 112.342
300 7.4875 1.01213 56.7522 1.00592 113.531
301 7.5125 1.01081 57.3538 1.00836 114.731
302 7.5375 1.01353 57.961 1.00694 115.938
303 7.5625 1.01435 58.5728 1.00825 117.154
304 7.5875 1.01374 59.1882 1.00601 118.376
305 7.6125 1.01351 59.8076 1.00935 119.609
306 7.6375 1.0154 60.4322 1.00482 120.845
307 7.6625 1.01699 61.0619 1.00714 122.093
308 7.6875 1.01546 61.6947 1.00696 123.348
309 7.7125 1.01445 62.3311 1.00781 124.612
310 7.7375 1.01471 62.9717 1.00584 125.882
311 7.7625 1.00963 63.6132 1.00715 127.162
312 7.7875 1.0137 64.2615 1.00593 128.449
313 7.8125 1.01154 64.9126 1.00639 129.744
314 7.8375 1.01181 65.568 1.00743 131.049
315 7.8625 1.01204 66.2278 1.00832 132.364
316 7.8875 1.01025 66.8906 1.00658 133.685
317 7.9125 1.01011 67.5575 1.00811 135.016
318 7.9375 1.00845 68.2275 1.00815 136.356
319 7.9625 1.01075 68.9033 1.00832 137.704
320 7.9875 1.00944 69.5824 1.0111 139.064
321 8.0125 1.00719 70.2643 1.00821 140.43
322 8.0375 1.01048 70.9527 1.01198 141.808
323 8.0625 1.00534 71.6419 1.00861 143.191
324 8.0875 1.00698 72.3364 1.00886 144.583
325 8.1125 1.0075 73.0357 1.01116 145.986
326 8.1375 1.00599 73.7382 1.01066 147.398
327 8.1625 1.0045 74.4439 1.00752 148.814
328 8.1875 1.00384 75.1536 1.0116 150.244
329 8.2125 1.00643 75.8694 1.01046 151.681
330 8.2375 1.01215 76.5936 1.01137 153.129
331 8.2625 1.00542 77.3175 1.01001 154.583
332 8.2875 1.00641 78.0464 1.01168 156.049
333 8.3125 1.00464 78.7784 1.01056 157.521
334 8.3375 1.00695 79.5166 1.00875 159
335 8.3625 1.0073 80.2594 1.00991 160.49
336 8.3875 1.00764 81.007 1.01122 161.99
337 8.4125 1.00677 81.7583 1.00906 163.496
338 8.4375 1.00336 82.5116 1.00943 165.012
339 8.4625 1.00427 83.27 1.00959 166.537
340 8.4875 1.00225 84.0314 1.01011 168.072
341 8.5125 1.0059 84.8001 1.00905 169.614
342 8.5375 1.00559 85.573 1.00818 171.164
343 8.5625 1.00413 86.3494 1.00776 172.722
344 8.5875 1.00314 87.1295 1.00964 174.292
345 8.6125 1.00541 87.9159 1.00842 175.87
346 8.6375 1.00796 88.7089 1.00651 177.454
347 8.6625 1.00722 89.506 1.00768 179.048
348 8.6875 1.0077 90.308 1.0067 180.651
349 8.7125 1.0064 91.1136 1.00822 182.265
350 8.7375 1.0057 91.9233 1.00689 183.886
351 8.7625 1.00514 92.7371 1.00924 185.52
352 8.7875 1.00681 93.557 1.00877 187.163
353 8.8125 1.00559 94.3805 1.00782 188.814
354 8.8375 1.00954 95.212 1.00733 190.473
355 8.8625 1.00644 96.0456 1.00632 192.14
356 8.8875 1.00754 96.8849 1.00751 193.819
357 8.9125 1.00568 97.7273 1.00702 195.506
358 8.9375 1.00632 98.575 1.00804 197.204
359 8.9625 1.0068 99.4278 1.00649 198.909
360 8.9875 1.00686 100.285 1.00842 200.627
361 9.0125 1.00924 101.15 1.00699 202.352
362 9.0375 1.00851 102.019 1.00519 204.084
363 9.0625 1.00789 102.891 1.00651 205.827
364 9.0875 1.00863 103.77 1.00628 207.58
365 9.1125 1.00937 104.654 1.00769 209.345
366 9.1375 1.00826 105.541 1.00682 211.118
367 9.1625 1.00898 106.435 1.00774 212.902
368 9.1875 1.00915 107.333 1.00613 214.693
369 9.2125 1.00992 108.237 1.00545 216.493
370 9.2375 1.00736 109.143 1.00627 218.304
371 9.2625 1.00926 110.056 1.00855 220.129
372 9.2875 1.00963 110.975 1.00458 221.957
373 9.3125 1.00991 111.898 1.00635 223.797
374 9.3375 1.00695 112.824 1.00701 225.649
375 9.3625 1.00667 113.755 1.00494 227.507
376 9.3875 1.00749 114.691 1.00697 229.379
377 9.4125 1.01097 115.636 1.00706 231.26
378 9.4375 1.00764 116.582 1.00672 233.152
379 9.4625 1.0074 117.533 1.00694 235.053
380 9.4875 1.01008 118.492 1.00769 236.966
381 9.5125 1.00929 119.455 1.00748 238.889
382 9.5375 1.00758 120.422 1.00712 240.821
383 9.5625 1.00929 121.395 1.0068 242.763
384 9.5875 1.00994 122.374 1.00619 244.713
385 9.6125 1.00887 123.357 1.00704 246.676
386 9.6375 1.0096 124.346 1.00766 248.65
387 9.6625 1.01206 125.342 1.00733 250.633
388 9.6875 1.01112 126.343 1.00546 252.624
389 9.7125 1.01154 127.349 1.00928 254.632
390 9.7375 1.01061 128.36 1.00765 256.647
391 9.7625 1.01165 129.376 1.0098 258.676
392 9.7875 1.01012 130.397 1.00751 260.712
393 9.8125 1.0093 131.422 1.00718 262.757
394 9.8375 1.00821 132.451 1.00803 264.815
395 9.8625 1.00912 133.486 1.00912 266.885
396 9.8875 1.00881 134.526 1.00591 268.959
397 9.9125 1.00706 135.569 1.00885 271.05
398 9.9375 1.00803 136.619 1.00809 273.149
399 9.9625 1.00643 137.672 1.00552 275.254
400 9.9875 1.0075 138.732 1.00657 277.372
