# Time-averaged data for fix outN
# TimeStep Number-of-rows
# Row c_grN[1] c_grN[2] c_grN[3] c_grN[4] c_grN[5]
20000000 400
1 0.0125 0 0 0 0
2 0.0375 0 0 0 0
3 0.0625 0 0 0 0
4 0.0875 0 0 0 0
5 0.1125 0 0 0 0
6 0.1375 0 0 0 0
7 0.1625 0 0 0 0
8 0.1875 0 0 0 0
9 0.2125 0 0 0 0
10 0.2375 0 0 0 0
11 0.2625 0 0 0 0
12 0.2875 0 0 0 0
13 0.3125 0 0 0 0
14 0.3375 0 0 0 0
15 0.3625 0 0 0 0
16 0.3875 0 0 0 0
17 0.4125 0 0 0 0
18 0.4375 0 0 0 0
19 0.4625 0 0 0 0
20 0.4875 0 0 0 0
21 0.5125 0 0 0 0
22 0.5375 0 0 0 0
23 0.5625 0 0 0 0
24 0.5875 0 0 0 0
25 0.6125 0 0 0 0
26 0.6375 0 0 0 0
27 0.6625 0 0 0 0
28 0.6875 0 0 0 0
29 0.7125 0 0 0 0
30 0.7375 0 0 0 0
31 0.7625 0 0 0 0
32 0.7875 0 0 0 0
33 0.8125 0 0 0 0
34 0.8375 0 0 0 0
35 0.8625 0 0 0 0
36 0.8875 0 0 0 0
37 0.9125 0 0 0 0
38 0.9375 0 0 0 0
39 0.9625 0 0 0 0
40 0.9875 0 0 0 0
41 1.0125 0 0 0 0
42 1.0375 0 0 0 0
43 1.0625 0 0 0 0
44 1.0875 0 0 0 0
45 1.1125 0 0 0 0
46 1.1375 0 0 0 0
47 1.1625 0 0 0 0
48 1.1875 0 0 0 0
49 1.2125 0 0 0 0
50 1.2375 0 0 0 0
51 1.2625 0 0 0 0
52 1.2875 0 0 0 0
53 1.3125 0 0 0 0
54 1.3375 0 0 0 0
55 1.3625 0 0 0 0
56 1.3875 0 0 0 0
57 1.4125 0 0 0 0
58 1.4375 0 0 0 0
59 1.4625 0 0 0 0
60 1.4875 0 0 0 0
61 1.5125 0 0 0 0
62 1.5375 0 0 0 0
63 1.5625 0 0 0 0
64 1.5875 0 0 0 0
65 1.6125 0 0 0 0
66 1.6375 0 0 0 0
67 1.6625 0 0 0 0
68 1.6875 0 0 0 0
69 1.7125 0 0 0 0
70 1.7375 0 0 0 0
71 1.7625 0 0 0 0
72 1.7875 0 0 0 0
73 1.8125 0 0 0 0
74 1.8375 0 0 0 0
75 1.8625 0 0 6.83402e-05 5e-06
76 1.8875 0 0 6.65419e-05 1e-05
77 1.9125 0 0 6.48136e-05 1.5e-05
78 1.9375 0 0 0 1.5e-05
79 1.9625 0 0 6.15531e-05 2e-05
80 1.9875 0 0 0 2e-05
81 2.0125 0 0 0.000292663 4.5e-05
82 2.0375 0 0 0.00022842 6.5e-05
83 2.0625 0 0 0.000835936 0.00014
84 2.0875 0 0 0.000870436 0.00022
85 2.1125 0 0 0.00233738 0.00044
86 2.1375 0 0 0.00363209 0.00079
87 2.1625 0 0 0.00552567 0.001335
88 2.1875 0 0 0.00708452 0.00205
89 2.2125 0 0 0.0107996 0.003165
90 2.2375 0 0 0.0141111 0.004655
91 2.2625 0 0 0.0206552 0.006885
92 2.2875 0 0 0.0292672 0.010115
93 2.3125 0 0 0.0354205 0.01411
94 2.3375 0 0 0.0446461 0.019255
95 2.3625 0 0 0.0594217 0.02625
96 2.3875 0 0 0.0693714 0.03459
97 2.4125 0 0 0.0826454 0.044735
98 2.4375 0 0 0.0969192 0.05688
99 2.4625 0 0 0.123422 0.072665
100 2.4875 0 0 0.141145 0.091085
101 2.5125 0 0 0.160807 0.112495
102 2.5375 0 0 0.184347 0.13753
103 2.5625 0 0 0.216077 0.167455
104 2.5875 0 0 0.239363 0.201255
105 2.6125 0.000138937 1e-05 0.264711 0.23936
106 2.6375 6.8158e-05 1.5e-05 0.300372 0.28343
107 2.6625 0.000200652 3e-05 0.345891 0.335145
108 2.6875 0.00131291 0.00013 0.372571 0.3919
109 2.7125 0.00335093 0.00039 0.415677 0.456405
110 2.7375 0.00607387 0.00087 0.446872 0.527035
111 2.7625 0.00882239 0.00158 0.483088 0.60479
112 2.7875 0.0136075 0.002695 0.509243 0.688245
113 2.8125 0.0216983 0.004505 0.54965 0.779945
114 2.8375 0.0321531 0.007235 0.574163 0.877445
115 2.8625 0.049937 0.01155 0.597681 0.980735
116 2.8875 0.064032 0.01718 0.610436 1.08808
117 2.9125 0.0825006 0.02456 0.620403 1.19908
118 2.9375 0.102642 0.0339 0.627361 1.31325
119 2.9625 0.126254 0.045585 0.638968 1.43153
120 2.9875 0.149968 0.0597 0.627389 1.54963
121 3.0125 0.185628 0.077465 0.631831 1.67056
122 3.0375 0.20828 0.09773 0.642619 1.79561
123 3.0625 0.238359 0.121305 0.640209 1.92225
124 3.0875 0.267491 0.148195 0.639656 2.05086
125 3.1125 0.308336 0.179695 0.634586 2.18052
126 3.1375 0.344383 0.215445 0.643683 2.31416
127 3.1625 0.383475 0.25589 0.644094 2.45002
128 3.1875 0.413463 0.30019 0.64929 2.58916
129 3.2125 0.462276 0.3505 0.669271 2.73483
130 3.2375 0.49954 0.405715 0.671754 2.88333
131 3.2625 0.533965 0.46565 0.681343 3.03628
132 3.2875 0.5808 0.531845 0.692867 3.19422
133 3.3125 0.637574 0.60562 0.711313 3.35884
134 3.3375 0.676243 0.685055 0.723874 3.52889
135 3.3625 0.724263 0.77141 0.733279 3.70376
136 3.3875 0.750923 0.86228 0.750138 3.8853
137 3.4125 0.797939 0.96027 0.762965 4.0727
138 3.4375 0.858841 1.06729 0.77835 4.26668
139 3.4625 0.901851 1.18131 0.788348 4.46602
140 3.4875 0.943427 1.30232 0.804745 4.67245
141 3.5125 1.00179 1.43266 0.822268 4.88642
142 3.5375 1.04046 1.56996 0.836357 5.10716
143 3.5625 1.0765 1.71403 0.859609 5.33725
144 3.5875 1.11382 1.86521 0.873126 5.57425
145 3.6125 1.18006 2.0276 0.876161 5.81541
146 3.6375 1.21829 2.1976 0.894887 6.06514
147 3.6625 1.27566 2.37804 0.907578 6.32191
148 3.6875 1.30173 2.56471 0.929276 6.58841
149 3.7125 1.35409 2.76152 0.944513 6.86297
150 3.7375 1.37806 2.96452 0.960974 7.14609
151 3.7625 1.43922 3.17937 0.963469 7.43375
152 3.7875 1.47422 3.40239 0.976192 7.7291
153 3.8125 1.51203 3.63415 0.995595 8.03431
154 3.8375 1.51877 3.87001 1.00884 8.34765
155 3.8625 1.53314 4.11121 1.01643 8.66748
156 3.8875 1.5176 4.35308 1.03043 8.99592
157 3.9125 1.49731 4.59478 1.04881 9.33453
158 3.9375 1.47471 4.83589 1.05941 9.68095
159 3.9625 1.46673 5.07875 1.06591 10.0339
160 3.9875 1.44557 5.32113 1.07883 10.3957
161 4.0125 1.44336 5.56619 1.09148 10.7663
162 4.0375 1.42447 5.81107 1.10365 11.1458
163 4.0625 1.37436 6.05026 1.12286 11.5366
164 4.0875 1.34522 6.28728 1.1369 11.9373
165 4.1125 1.33295 6.52502 1.15209 12.3482
166 4.1375 1.30654 6.76088 1.14908 12.7631
167 4.1625 1.28758 6.99614 1.16171 13.1876
168 4.1875 1.27301 7.23154 1.17118 13.6208
169 4.2125 1.25498 7.46639 1.18311 14.0636
170 4.2375 1.24832 7.70276 1.17967 14.5103
171 4.2625 1.24982 7.94223 1.17817 14.9618
172 4.2875 1.23469 8.18158 1.18945 15.423
173 4.3125 1.23072 8.42295 1.19554 15.8919
174 4.3375 1.21874 8.66475 1.20402 16.3697
175 4.3625 1.21697 8.90899 1.21057 16.8556
176 4.3875 1.20213 9.15303 1.2058 17.3451
177 4.4125 1.19291 9.39795 1.19787 17.837
178 4.4375 1.19814 9.64676 1.20377 18.337
179 4.4625 1.18697 9.89602 1.21411 18.8469
180 4.4875 1.18751 10.1482 1.2021 19.3575
181 4.5125 1.18826 10.4034 1.2113 19.8777
182 4.5375 1.19222 10.6622 1.2059 20.4013
183 4.5625 1.20607 10.927 1.19811 20.9273
184 4.5875 1.21006 11.1955 1.19684 21.4586
185 4.6125 1.20351 11.4655 1.19522 21.9949
186 4.6375 1.2079 11.7395 1.18829 22.5339
187 4.6625 1.19618 12.0137 1.18317 23.0764
188 4.6875 1.19437 12.2904 1.17546 23.6211
189 4.7125 1.19886 12.5712 1.17586 24.1718
190 4.7375 1.18989 12.8528 1.17054 24.7259
191 4.7625 1.1915 13.1378 1.16826 25.2848
192 4.7875 1.18122 13.4233 1.15968 25.8454
193 4.8125 1.17084 13.7093 1.15573 26.4099
194 4.8375 1.17056 13.9982 1.15317 26.9791
195 4.8625 1.16459 14.2885 1.13833 27.5467
196 4.8875 1.14362 14.5766 1.13477 28.1185
197 4.9125 1.13382 14.8652 1.13088 28.694
198 4.9375 1.12676 15.1548 1.12588 29.2729
199 4.9625 1.10182 15.441 1.12047 29.8549
200 4.9875 1.08726 15.7262 1.11477 30.4398
201 5.0125 1.0685 16.0093 1.10864 31.0272
202 5.0375 1.05812 16.2925 1.10833 31.6204
203 5.0625 1.03954 16.5734 1.09454 32.2121
204 5.0875 1.02741 16.8538 1.0879 32.806
205 5.1125 1.01105 17.1325 1.08212 33.4025
206 5.1375 0.999997 17.4108 1.0827 34.0052
207 5.1625 0.991402 17.6895 1.07866 34.6115
208 5.1875 0.98046 17.9677 1.07147 35.2196
209 5.2125 0.982787 18.2493 1.06351 35.8291
210 5.2375 0.983038 18.5337 1.05097 36.4371
211 5.2625 0.977572 18.8192 1.05708 37.0546
212 5.2875 0.954443 19.1006 1.04116 37.6685
213 5.3125 0.946926 19.3824 1.0441 38.29
214 5.3375 0.938942 19.6645 1.02956 38.9086
215 5.3625 0.938699 19.9491 1.02624 39.531
216 5.3875 0.934173 20.2351 1.02092 40.156
217 5.4125 0.91747 20.5185 1.00743 40.7784
218 5.4375 0.91829 20.8048 1.00273 41.4037
219 5.4625 0.91715 21.0934 0.999364 42.0326
220 5.4875 0.918826 21.3852 0.993295 42.6635
221 5.5125 0.913804 21.678 0.984672 43.2946
222 5.5375 0.90404 21.9704 0.982589 43.93
223 5.5625 0.905832 22.2659 0.981017 44.5702
224 5.5875 0.902345 22.563 0.974028 45.2116
225 5.6125 0.900872 22.8623 0.969644 45.8558
226 5.6375 0.908296 23.1667 0.95858 46.4983
227 5.6625 0.90887 23.474 0.957557 47.1459
228 5.6875 0.900648 23.7812 0.947538 47.7923
229 5.7125 0.890632 24.0877 0.945496 48.4431
230 5.7375 0.896715 24.399 0.938398 49.0946
231 5.7625 0.894562 24.7123 0.941739 49.7541
232 5.7875 0.903271 25.0313 0.935241 50.4148
233 5.8125 0.900023 25.352 0.931437 51.0785
234 5.8375 0.907886 25.6782 0.934406 51.7501
235 5.8625 0.908312 26.0074 0.930503 52.4246
236 5.8875 0.910368 26.3402 0.928027 53.103
237 5.9125 0.907039 26.6746 0.927655 53.787
238 5.9375 0.912221 27.0137 0.922987 54.4733
239 5.9625 0.914536 27.3566 0.926619 55.1681
240 5.9875 0.909666 27.7005 0.927216 55.8691
241 6.0125 0.922604 28.0522 0.92623 56.5753
242 6.0375 0.931811 28.4104 0.922471 57.2845
243 6.0625 0.936745 28.7734 0.926096 58.0024
244 6.0875 0.937537 29.1398 0.926067 58.7262
245 6.1125 0.94383 29.5117 0.922504 59.4532
246 6.1375 0.947347 29.888 0.929303 60.1915
247 6.1625 0.936704 30.2632 0.933539 60.9392
248 6.1875 0.943999 30.6443 0.927578 61.6882
249 6.2125 0.945201 31.029 0.931951 62.4468
250 6.2375 0.945719 31.417 0.936341 63.2151
251 6.2625 0.950623 31.8101 0.935856 63.9892
252 6.2875 0.9417 32.2027 0.937928 64.7713
253 6.3125 0.942299 32.5987 0.943286 65.564
254 6.3375 0.949553 33.0009 0.94103 66.3612
255 6.3625 0.959627 33.4105 0.945608 67.1685
256 6.3875 0.96833 33.8272 0.949597 67.9856
257 6.4125 0.968197 34.247 0.955421 68.8142
258 6.4375 0.967396 34.6698 0.955423 69.6493
259 6.4625 0.961867 35.0934 0.960471 70.4953
260 6.4875 0.962962 35.5208 0.961216 71.3486
261 6.5125 0.963867 35.9519 0.967836 72.2143
262 6.5375 0.969789 36.389 0.966156 73.0852
263 6.5625 0.966344 36.8279 0.973539 73.9695
264 6.5875 0.972911 37.2731 0.975003 74.8619
265 6.6125 0.975002 37.7227 0.973148 75.7593
266 6.6375 0.973009 38.1747 0.979445 76.6694
267 6.6625 0.97809 38.6326 0.977529 77.5846
268 6.6875 0.986714 39.0979 0.977051 78.5062
269 6.7125 0.990543 39.5686 0.984698 79.4419
270 6.7375 0.990966 40.0429 0.983942 80.3839
271 6.7625 0.996333 40.5234 0.989578 81.3384
272 6.7875 1.00314 41.0108 0.986974 82.2974
273 6.8125 1.00429 41.5023 0.995405 83.2718
274 6.8375 1.00694 41.9987 0.995482 84.2533
275 6.8625 1.00837 42.4995 0.995325 85.2419
276 6.8875 1.00394 43.0017 0.998862 86.2413
277 6.9125 1.00097 43.5061 0.99871 87.2478
278 6.9375 1.00155 44.0145 1.00436 88.2673
279 6.9625 1.00191 44.5266 1.00669 89.2965
280 6.9875 1.0133 45.0484 1.01037 90.337
281 7.0125 1.01216 45.5732 1.01121 91.3858
282 7.0375 1.01361 46.1026 1.01403 92.445
283 7.0625 1.01771 46.6379 1.01592 93.5137
284 7.0875 1.01256 47.1743 1.01922 94.5935
285 7.1125 1.01988 47.7184 1.01696 95.6786
286 7.1375 1.01792 48.2653 1.01764 96.772
287 7.1625 1.01469 48.8142 1.01777 97.8732
288 7.1875 1.0237 49.3719 1.02215 98.9869
289 7.2125 1.01683 49.9297 1.01992 100.106
290 7.2375 1.02344 50.495 1.026 101.239
291 7.2625 1.02814 51.0669 1.02547 102.38
292 7.2875 1.03561 51.6469 1.02518 103.528
293 7.3125 1.04591 52.2367 1.02455 104.684
294 7.3375 1.04725 52.8312 1.02763 105.851
295 7.3625 1.04759 53.4301 1.03052 107.029
296 7.3875 1.05166 54.0353 1.02981 108.214
297 7.4125 1.04334 54.6399 1.02707 109.404
298 7.4375 1.04238 55.2479 1.02549 110.601
299 7.4625 1.05509 55.8675 1.03236 111.813
300 7.4875 1.0536 56.4904 1.03203 113.034
301 7.5125 1.05911 57.1208 1.03463 114.265
302 7.5375 1.04841 57.7489 1.0362 115.507
303 7.5625 1.04972 58.382 1.03684 116.758
304 7.5875 1.04685 59.0176 1.03827 118.018
305 7.6125 1.04853 59.6583 1.03457 119.283
306 7.6375 1.04781 60.3029 1.03413 120.555
307 7.6625 1.05705 60.9573 1.033 121.834
308 7.6875 1.05224 61.6131 1.0336 123.122
309 7.7125 1.04595 62.2692 1.03478 124.421
310 7.7375 1.04764 62.9306 1.03039 125.722
311 7.7625 1.05563 63.6014 1.03148 127.033
312 7.7875 1.05265 64.2746 1.03213 128.353
313 7.8125 1.04273 64.9458 1.02988 129.678
314 7.8375 1.04107 65.6201 1.03229 131.016
315 7.8625 1.03567 66.2953 1.03139 132.361
316 7.8875 1.03811 66.9764 1.03152 133.714
317 7.9125 1.03618 67.6605 1.03011 135.074
318 7.9375 1.03828 68.3503 1.03212 136.446
319 7.9625 1.03416 69.0418 1.02842 137.821
320 7.9875 1.03383 69.7373 1.03039 139.207
321 8.0125 1.02804 70.4333 1.02683 140.598
322 8.0375 1.02431 71.1311 1.02437 141.994
323 8.0625 1.02021 71.8305 1.02471 143.398
324 8.0875 1.0182 72.5328 1.02899 144.818
325 8.1125 1.02034 73.2409 1.02632 146.242
326 8.1375 1.02551 73.9571 1.02043 147.668
327 8.1625 1.01925 74.6732 1.02211 149.104
328 8.1875 1.01779 75.3927 1.01985 150.546
329 8.2125 1.0251 76.1218 1.01549 151.99
330 8.2375 1.02133 76.8526 1.01468 153.442
331 8.2625 1.02972 77.5939 1.01332 154.902
332 8.2875 1.02843 78.3388 1.01768 156.376
333 8.3125 1.03508 79.093 1.01275 157.852
334 8.3375 1.02804 79.8467 1.01769 159.344
335 8.3625 1.028 80.6048 1.01364 160.839
336 8.3875 1.01418 81.3572 1.0126 162.341
337 8.4125 1.02025 82.1186 1.01193 163.852
338 8.4375 1.01789 82.8827 1.01655 165.378
339 8.4625 1.01736 83.6511 1.01352 166.909
340 8.4875 1.01521 84.4223 1.01427 168.45
341 8.5125 1.01255 85.196 1.01239 169.997
342 8.5375 1.00786 85.9707 1.00983 171.549
343 8.5625 1.00367 86.7467 1.00902 173.11
344 8.5875 1.00667 87.5296 1.01068 174.682
345 8.6125 1.00612 88.3166 1.01093 176.263
346 8.6375 1.00143 89.1045 1.01408 177.859
347 8.6625 0.999982 89.8958 1.0103 179.458
348 8.6875 0.997094 90.6893 1.01275 181.07
349 8.7125 0.986814 91.4793 1.01254 182.691
350 8.7375 0.989615 92.276 1.01334 184.323
351 8.7625 0.987039 93.0752 1.00766 185.954
352 8.7875 0.985557 93.8778 1.00958 187.599
353 8.8125 0.993734 94.6916 1.00519 189.245
354 8.8375 0.990008 95.507 1.00855 190.906
355 8.8625 0.993449 96.3298 1.00647 192.574
356 8.8875 0.990281 97.1547 1.01118 194.258
357 8.9125 0.991652 97.9853 1.00183 195.936
358 8.9375 0.993549 98.8223 1.00565 197.631
359 8.9625 0.985151 99.6568 1.00317 199.33
360 8.9875 0.988336 100.499 0.99771 201.03
361 9.0125 0.986813 101.344 1.00208 202.747
362 9.0375 0.993662 102.2 0.999841 204.469
363 9.0625 0.987194 103.055 0.995943 206.194
364 9.0875 0.992988 103.92 0.998965 207.934
365 9.1125 0.995433 104.791 0.997965 209.682
366 9.1375 0.994939 105.667 0.997225 211.438
367 9.1625 0.994171 106.547 0.997263 213.204
368 9.1875 0.99402 107.432 0.997559 214.98
369 9.2125 0.994012 108.322 0.995937 216.762
370 9.2375 0.990623 109.213 0.995254 218.554
371 9.2625 0.988322 110.107 0.99717 220.358
372 9.2875 0.990528 111.008 0.99926 222.176
373 9.3125 0.994807 111.918 0.997089 224
374 9.3375 0.995382 112.833 0.992342 225.824
375 9.3625 0.99638 113.754 0.99575 227.665
376 9.3875 0.991182 114.676 0.993122 229.511
377 9.4125 0.994492 115.605 0.994755 231.37
378 9.4375 0.987697 116.532 0.992848 233.235
379 9.4625 0.99072 117.468 0.99718 235.118
380 9.4875 0.99141 118.409 0.996749 237.01
381 9.5125 0.993714 119.357 0.997078 238.913
382 9.5375 1.0001 120.316 0.994303 240.821
383 9.5625 0.995608 121.277 0.997809 242.745
384 9.5875 0.997484 122.243 0.995431 244.675
385 9.6125 0.99651 123.214 0.999753 246.623
386 9.6375 0.99517 124.189 0.997112 248.577
387 9.6625 0.995562 125.169 0.995128 250.536
388 9.6875 0.994669 126.154 0.996708 252.509
389 9.7125 0.998653 127.147 0.997927 254.494
390 9.7375 1.00113 128.148 0.999057 256.492
391 9.7625 1.00364 129.157 0.999128 258.501
392 9.7875 1.00485 130.172 0.999549 260.52
393 9.8125 0.997961 131.185 0.999069 262.549
394 9.8375 0.998197 132.204 0.998571 264.587
395 9.8625 0.998997 133.229 0.999479 266.638
396 9.8875 1.00151 134.261 1.00142 268.702
397 9.9125 1.00827 135.306 0.999118 270.773
398 9.9375 1.00582 136.353 1.00103 272.858
399 9.9625 1.0028 137.403 1.00154 274.954
400 9.9875 1.00092 138.456 1.00289 277.064
