# Time-averaged data for fix outO
# TimeStep Number-of-rows
# Row c_grO[1] c_grO[2] c_grO[3] c_grO[4] c_grO[5]
20000000 400
1 0.0125 0 0 0 0
2 0.0375 0 0 0 0
3 0.0625 0 0 0 0
4 0.0875 0 0 0 0
5 0.1125 0 0 0 0
6 0.1375 0 0 0 0
7 0.1625 0 0 0 0
8 0.1875 0 0 0 0
9 0.2125 0 0 0 0
10 0.2375 0 0 0 0
11 0.2625 0 0 0 0
12 0.2875 0 0 0 0
13 0.3125 0 0 0 0
14 0.3375 0 0 0 0
15 0.3625 0 0 0 0
16 0.3875 0 0 0 0
17 0.4125 0 0 0 0
18 0.4375 0 0 0 0
19 0.4625 0 0 0 0
20 0.4875 0 0 0 0
21 0.5125 0 0 0 0
22 0.5375 0 0 0 0
23 0.5625 0 0 0 0
24 0.5875 0 0 0 0
25 0.6125 0 0 0 0
26 0.6375 0 0 0 0
27 0.6625 0 0 0 0
28 0.6875 0 0 0 0
29 0.7125 0 0 0 0
30 0.7375 0 0 0 0
31 0.7625 0 0 0 0
32 0.7875 0 0 0 0
33 0.8125 0 0 0 0
34 0.8375 0 0 0 0
35 0.8625 0 0 0 0
36 0.8875 0 0 0 0
37 0.9125 0 0 0 0
38 0.9375 0 0 0 0
39 0.9625 0 0 0 0
40 0.9875 0 0 0 0
41 1.0125 0 0 0 0
42 1.0375 0 0 0 0
43 1.0625 0 0 0 0
44 1.0875 0 0 0 0
45 1.1125 0 0 0 0
46 1.1375 0 0 0 0
47 1.1625 0 0 0 0
48 1.1875 0 0 0 0
49 1.2125 0 0 0 0
50 1.2375 0 0 0 0
51 1.2625 0 0 0 0
52 1.2875 0 0 0 0
53 1.3125 0 0 0 0
54 1.3375 0 0 0 0
55 1.3625 0 0 6.38499e-05 2.5e-06
56 1.3875 0 0 0.000307849 1.5e-05
57 1.4125 0 0 0.00112878 6.25e-05
58 1.4375 0 0 0.0045889 0.0002625
59 1.4625 0 0 0.00958714 0.000695
60 1.4875 0 0 0.0230351 0.00177
61 1.5125 0 0 0.049223 0.004145
62 1.5375 0 0 0.083086 0.0082875
63 1.5625 0 0 0.135408 0.01526
64 1.5875 0 0 0.202198 0.0260075
65 1.6125 0 0 0.274158 0.0410425
66 1.6375 0 0 0.351653 0.06093
67 1.6625 0 0 0.430102 0.0860025
68 1.6875 0 0 0.497788 0.1159
69 1.7125 0 0 0.547504 0.149765
70 1.7375 0 0 0.587656 0.187183
71 1.7625 0 0 0.610253 0.227165
72 1.7875 0 0 0.608512 0.268172
73 1.8125 0 0 0.619624 0.311105
74 1.8375 0 0 0.60674 0.354313
75 1.8625 0 0 0.588272 0.397353
76 1.8875 0 0 0.562345 0.439607
77 1.9125 0 0 0.530694 0.480547
78 1.9375 0 0 0.502625 0.520342
79 1.9625 0 0 0.472082 0.55869
80 1.9875 0 0 0.443356 0.595627
81 2.0125 0 0 0.419767 0.631485
82 2.0375 0 0 0.393197 0.665913
83 2.0625 0 0 0.379989 0.700005
84 2.0875 0 0 0.351493 0.73231
85 2.1125 0 0 0.338442 0.764165
86 2.1375 0 0 0.325954 0.795575
87 2.1625 0 0 0.311465 0.826295
88 2.1875 0 0 0.30508 0.857085
89 2.2125 0 0 0.292849 0.88732
90 2.2375 0 0 0.280044 0.91689
91 2.2625 0 0 0.280628 0.947188
92 2.2875 0 0 0.276906 0.977748
93 2.3125 0 0 0.274852 1.00875
94 2.3375 0 0 0.276402 1.0406
95 2.3625 8.49489e-05 5e-06 0.277846 1.07331
96 2.3875 0.00095656 6.25e-05 0.279232 1.10688
97 2.4125 0.00232173 0.000205 0.283047 1.14162
98 2.4375 0.00710235 0.00065 0.287286 1.17762
99 2.4625 0.0188437 0.001855 0.293661 1.21518
100 2.4875 0.0440599 0.00473 0.303343 1.25477
101 2.5125 0.0828823 0.0102475 0.315287 1.29675
102 2.5375 0.139393 0.0197125 0.327864 1.34127
103 2.5625 0.21586 0.03466 0.336787 1.38791
104 2.5875 0.310641 0.0565925 0.352424 1.43768
105 2.6125 0.414694 0.08644 0.376173 1.49183
106 2.6375 0.519807 0.124573 0.384241 1.5482
107 2.6625 0.604498 0.169762 0.405418 1.60882
108 2.6875 0.681794 0.221693 0.423693 1.67336
109 2.7125 0.728345 0.278205 0.434897 1.74085
110 2.7375 0.786123 0.34033 0.460981 1.81371
111 2.7625 0.825639 0.406775 0.47689 1.89046
112 2.7875 0.86139 0.477357 0.504956 1.97322
113 2.8125 0.875365 0.550378 0.524026 2.06064
114 2.8375 0.882091 0.625273 0.543629 2.15296
115 2.8625 0.890909 0.702255 0.574087 2.25217
116 2.8875 0.894884 0.780938 0.594073 2.35664
117 2.9125 0.890962 0.860637 0.627837 2.46896
118 2.9375 0.911906 0.943617 0.64956 2.58718
119 2.9625 0.910006 1.02784 0.677878 2.71265
120 2.9875 0.929396 1.11532 0.70297 2.84498
121 3.0125 0.936761 1.20497 0.722372 2.98325
122 3.0375 0.952084 1.2976 0.746708 3.12855
123 3.0625 0.974114 1.39394 0.776867 3.28223
124 3.0875 0.969619 1.49142 0.785737 3.4402
125 3.1125 0.98697 1.59225 0.810203 3.60574
126 3.1375 0.995579 1.6956 0.830095 3.77808
127 3.1625 1.00057 1.80113 0.847743 3.95691
128 3.1875 1.0002 1.90829 0.865647 4.14241
129 3.2125 1.00785 2.01798 0.879045 4.33374
130 3.2375 1.0101 2.12962 0.887913 4.53003
131 3.2625 1.01686 2.24376 0.895717 4.73111
132 3.2875 1.01141 2.35903 0.898323 4.93587
133 3.3125 1.01141 2.47607 0.908332 5.14608
134 3.3375 1.01045 2.59476 0.912312 5.36041
135 3.3625 1.01879 2.71623 0.918265 5.57938
136 3.3875 1.02164 2.83986 0.91819 5.80161
137 3.4125 1.01898 2.965 0.919464 6.02743
138 3.4375 1.00343 3.09004 0.920564 6.25686
139 3.4625 1.00703 3.21735 0.923197 6.4903
140 3.4875 0.999757 3.34558 0.926693 6.72801
141 3.5125 0.995953 3.47516 0.932956 6.97078
142 3.5375 0.99782 3.60684 0.936137 7.21785
143 3.5625 0.98732 3.73898 0.933159 7.46764
144 3.5875 0.98908 3.87322 0.941888 7.72331
145 3.6125 0.984612 4.00872 0.945755 7.98362
146 3.6375 0.980083 4.14547 0.945485 8.24747
147 3.6625 0.975727 4.2835 0.954519 8.51751
148 3.6875 0.96683 4.42213 0.955838 8.79164
149 3.7125 0.967166 4.56271 0.965781 9.07238
150 3.7375 0.961399 4.70433 0.967517 9.35742
151 3.7625 0.957976 4.84734 0.972395 9.64776
152 3.7875 0.94552 4.99038 0.97444 9.94257
153 3.8125 0.94355 5.13501 0.983721 10.2441
154 3.8375 0.937252 5.28056 0.984138 10.5498
155 3.8625 0.935694 5.42777 0.989261 10.8611
156 3.8875 0.937613 5.57719 0.992681 11.1775
157 3.9125 0.929618 5.72726 0.987291 11.4962
158 3.9375 0.928921 5.87913 0.99773 11.8225
159 3.9625 0.936306 6.03417 0.992035 12.151
160 3.9875 0.927257 6.18965 0.986792 12.4819
161 4.0125 0.918786 6.34564 0.989 12.8178
162 4.0375 0.923978 6.50448 0.984157 13.1561
163 4.0625 0.92623 6.66568 0.983838 13.4986
164 4.0875 0.927804 6.82915 0.980737 13.8442
165 4.1125 0.929973 6.99501 0.982839 14.1948
166 4.1375 0.929252 7.16277 0.980013 14.5486
167 4.1625 0.923842 7.33157 0.97808 14.906
168 4.1875 0.927351 7.50305 0.969498 15.2646
169 4.2125 0.931206 7.67731 0.974351 15.6292
170 4.2375 0.929769 7.85337 0.966749 15.9954
171 4.2625 0.925549 8.0307 0.969032 16.3667
172 4.2875 0.922886 8.20961 0.961208 16.7394
173 4.3125 0.938999 8.39376 0.962977 17.1171
174 4.3375 0.940983 8.58046 0.963746 17.4995
175 4.3625 0.93946 8.769 0.960375 17.885
176 4.3875 0.94206 8.96024 0.95677 18.2734
177 4.4125 0.937406 9.15271 0.955037 18.6656
178 4.4375 0.936276 9.34713 0.953606 19.0617
179 4.4625 0.942993 9.54517 0.952856 19.4619
180 4.4875 0.941486 9.7451 0.957108 19.8684
181 4.5125 0.951504 9.94942 0.955742 20.2788
182 4.5375 0.952758 10.1563 0.955464 20.6937
183 4.5625 0.955192 10.366 0.956792 21.1138
184 4.5875 0.968015 10.5808 0.957431 21.5388
185 4.6125 0.970387 10.7985 0.956892 21.9681
186 4.6375 0.975782 11.0198 0.958982 22.4031
187 4.6625 0.982609 11.2451 0.960902 22.8437
188 4.6875 0.990788 11.4747 0.962456 23.2897
189 4.7125 0.989004 11.7063 0.966763 23.7425
190 4.7375 1 11.9429 0.965375 24.1995
191 4.7625 1.00525 12.1834 0.966262 24.6617
192 4.7875 1.01615 12.429 0.965536 25.1285
193 4.8125 1.02562 12.6795 0.975553 25.605
194 4.8375 1.02309 12.932 0.973934 26.0857
195 4.8625 1.01874 13.186 0.977586 26.5732
196 4.8875 1.02268 13.4436 0.984339 27.0691
197 4.9125 1.01959 13.7031 0.980775 27.5683
198 4.9375 1.02243 13.9659 0.984268 28.0744
199 4.9625 1.02371 14.2318 0.980037 28.5834
200 4.9875 1.02044 14.4995 0.989435 29.1025
201 5.0125 1.01048 14.7672 0.993975 29.6292
202 5.0375 1.00658 15.0366 0.995877 30.1622
203 5.0625 1.01477 15.3108 1.00154 30.7036
204 5.0875 1.01207 15.5871 1.00334 31.2513
205 5.1125 1.01433 15.8666 1.00353 31.8045
206 5.1375 1.01923 16.1503 1.00892 32.3662
207 5.1625 1.01415 16.4354 1.00873 32.9332
208 5.1875 1.01756 16.7241 1.00895 33.5058
209 5.2125 1.01627 17.0153 1.01178 34.0856
210 5.2375 1.02072 17.3106 1.01769 34.6744
211 5.2625 1.02243 17.6092 1.02099 35.2708
212 5.2875 1.0218 17.9104 1.02029 35.8724
213 5.3125 1.02592 18.2158 1.02626 36.4832
214 5.3375 1.03045 18.5253 1.02885 37.1014
215 5.3625 1.03644 18.8396 1.02147 37.7209
216 5.3875 1.04119 19.1583 1.03106 38.3521
217 5.4125 1.03545 19.4782 1.02947 38.9882
218 5.4375 1.04083 19.8027 1.03215 39.6318
219 5.4625 1.04081 20.1302 1.0348 40.2831
220 5.4875 1.05243 20.4644 1.03694 40.9416
221 5.5125 1.05332 20.802 1.03408 41.6044
222 5.5375 1.05376 21.1427 1.03218 42.2719
223 5.5625 1.05596 21.4873 1.03577 42.9478
224 5.5875 1.06199 21.8369 1.03681 43.6305
225 5.6125 1.06556 22.1909 1.03694 44.3194
226 5.6375 1.05895 22.5458 1.03322 45.012
227 5.6625 1.06132 22.9046 1.0351 45.712
228 5.6875 1.05726 23.2653 1.03237 46.4163
229 5.7125 1.06037 23.6302 1.03474 47.1285
230 5.7375 1.0567 23.997 1.0358 47.8476
231 5.7625 1.0543 24.3662 1.03199 48.5704
232 5.7875 1.05004 24.7371 1.03504 49.3016
233 5.8125 1.05421 25.1127 1.03418 50.0385
234 5.8375 1.04684 25.4889 1.02924 50.7782
235 5.8625 1.046 25.868 1.02922 51.5243
236 5.8875 1.04475 26.2499 1.02571 52.2741
237 5.9125 1.03636 26.6319 1.02529 53.0301
238 5.9375 1.03878 27.0181 1.02852 53.7948
239 5.9625 1.03224 27.4051 1.02714 54.565
240 5.9875 1.03095 27.7949 1.02277 55.3383
241 6.0125 1.03413 28.1891 1.0253 56.12
242 6.0375 1.03054 28.5852 1.02207 56.9058
243 6.0625 1.0266 28.9831 1.02174 57.6978
244 6.0875 1.02377 29.3832 1.02192 58.4965
245 6.1125 1.02217 29.786 1.02462 59.3039
246 6.1375 1.01802 30.1903 1.01973 60.1141
247 6.1625 1.02052 30.599 1.01899 60.9303
248 6.1875 1.01836 31.0102 1.01864 61.7528
249 6.2125 1.016 31.4237 1.01657 62.5803
250 6.2375 1.00921 31.8378 1.01802 63.4156
251 6.2625 1.0118 32.2562 1.01561 64.2557
252 6.2875 1.0102 32.6774 1.01819 65.1046
253 6.3125 1.00788 33.1009 1.01852 65.9606
254 6.3375 1.00456 33.5264 1.01833 66.8233
255 6.3625 1.00205 33.9541 1.01949 67.6937
256 6.3875 1.00085 34.3848 1.01774 68.5695
257 6.4125 1.00352 34.8199 1.01537 69.45
258 6.4375 1.00398 35.2587 1.01477 70.337
259 6.4625 0.99806 35.6983 1.01178 71.2282
260 6.4875 1.00358 36.1437 1.01154 72.1261
261 6.5125 0.99911 36.5905 1.00746 73.0273
262 6.5375 1.00418 37.0431 1.00874 73.9366
263 6.5625 0.998894 37.4968 1.00794 74.8521
264 6.5875 0.9975 37.9533 1.00709 75.7738
265 6.6125 0.999275 38.414 1.00581 76.7014
266 6.6375 0.998547 38.8779 1.00838 77.6384
267 6.6625 0.999736 39.3459 1.00413 78.5784
268 6.6875 1.00034 39.8177 1.00612 79.5275
269 6.7125 0.999303 40.2925 1.00737 80.4848
270 6.7375 0.994032 40.7684 1.00738 81.4492
271 6.7625 0.998334 41.2498 1.0051 82.4187
272 6.7875 0.991179 41.7314 1.00381 83.394
273 6.8125 0.994404 42.218 1.00195 84.3748
274 6.8375 0.993505 42.7079 1.00135 85.3621
275 6.8625 0.993357 43.2012 1.00102 86.3564
276 6.8875 0.994969 43.6989 1.00361 87.3605
277 6.9125 0.987909 44.1967 1.00452 88.3728
278 6.9375 0.989895 44.6991 1.00472 89.3927
279 6.9625 0.988873 45.2046 1.00119 90.4163
280 6.9875 0.993366 45.7161 1.00405 91.4503
281 7.0125 0.986537 46.2277 1.00133 92.4888
282 7.0375 0.994024 46.7469 0.99793 93.5312
283 7.0625 0.992689 47.269 1.00108 94.5843
284 7.0875 0.989743 47.7933 0.99904 95.6428
285 7.1125 0.989695 48.3213 0.999537 96.7092
286 7.1375 0.989638 48.8529 0.998869 97.7824
287 7.1625 0.99326 49.3903 1.0019 98.8665
288 7.1875 0.993925 49.9318 0.996779 99.9525
289 7.2125 0.991886 50.4759 0.998191 101.048
290 7.2375 0.992558 51.0242 1.00067 102.153
291 7.2625 0.994349 51.5772 0.996573 103.262
292 7.2875 0.994685 52.1343 0.998048 104.38
293 7.3125 0.991415 52.6933 0.997236 105.504
294 7.3375 0.989413 53.2551 0.998486 106.638
295 7.3625 0.993307 53.8229 0.996668 107.778
296 7.3875 0.994488 54.3952 1.0013 108.93
297 7.4125 0.998966 54.9741 0.998209 110.087
298 7.4375 0.99575 55.5549 0.99871 111.252
299 7.4625 0.994939 56.1392 0.998336 112.425
300 7.4875 0.993816 56.7268 0.996442 113.603
301 7.5125 0.990896 57.3165 0.997474 114.79
302 7.5375 0.998071 57.9145 0.994117 115.981
303 7.5625 0.994994 58.5146 0.996762 117.184
304 7.5875 0.998648 59.1208 0.994295 118.391
305 7.6125 0.997201 59.7302 0.997819 119.611
306 7.6375 1.00341 60.3475 0.997637 120.838
307 7.6625 0.99891 60.966 0.997091 122.073
308 7.6875 1.00448 61.592 1.00068 123.32
309 7.7125 0.997563 62.2177 0.998146 124.572
310 7.7375 0.998254 62.848 0.998442 125.833
311 7.7625 1.00061 63.4838 1.00031 127.104
312 7.7875 0.995605 64.1205 1.00064 128.384
313 7.8125 0.999987 64.7641 0.999727 129.671
314 7.8375 1.00147 65.4129 1.00114 130.968
315 7.8625 1.00555 66.0684 1.00179 132.274
316 7.8875 1.00782 66.7296 1.00162 133.588
317 7.9125 1.00434 67.3927 1.00244 134.912
318 7.9375 1.00147 68.058 1.00285 136.245
319 7.9625 1.00389 68.7292 1.00114 137.583
320 7.9875 1.00275 69.4039 1.00345 138.934
321 8.0125 1.00622 70.0851 1.00323 140.292
322 8.0375 1.00609 70.7705 1.00444 141.661
323 8.0625 1.00172 71.4572 1.00324 143.036
324 8.0875 1.00485 72.1503 1.00315 144.42
325 8.1125 1.00365 72.8468 1.00489 145.815
326 8.1375 1.00819 73.5509 1.00473 147.218
327 8.1625 1.01087 74.2611 1.00366 148.628
328 8.1875 1.01071 74.9756 1.00444 150.048
329 8.2125 1.01636 75.6985 1.00273 151.475
330 8.2375 1.01948 76.428 1.00319 152.91
331 8.2625 1.01662 77.1599 1.00712 154.361
332 8.2875 1.01502 77.8951 1.00832 155.821
333 8.3125 1.01491 78.6346 1.008 157.29
334 8.3375 1.01317 79.3773 1.00806 158.768
335 8.3625 1.01237 80.1239 1.00728 160.254
336 8.3875 1.01206 80.8747 1.00747 161.749
337 8.4125 1.01437 81.6317 1.00864 163.254
338 8.4375 1.01693 82.3952 1.00795 164.768
339 8.4625 1.01702 83.1632 1.00898 166.291
340 8.4875 1.01436 83.9338 1.01082 167.827
341 8.5125 1.01154 84.7068 1.00856 169.369
342 8.5375 1.01161 85.4843 1.01011 170.921
343 8.5625 1.01365 86.268 1.01033 172.484
344 8.5875 1.0128 87.0557 1.01084 174.056
345 8.6125 1.01015 87.8458 1.01141 175.638
346 8.6375 1.0151 88.6445 1.01265 177.232
347 8.6625 1.01463 89.4474 1.01164 178.833
348 8.6875 1.01509 90.2553 1.0141 180.447
349 8.7125 1.01431 91.0672 1.01325 182.069
350 8.7375 1.01344 91.8831 1.01354 183.701
351 8.7625 1.01285 92.7032 1.0144 185.344
352 8.7875 1.01082 93.5263 1.01421 186.996
353 8.8125 1.0112 94.3545 1.01058 188.651
354 8.8375 1.01199 95.188 1.01379 190.321
355 8.8625 1.0113 96.0256 1.01304 191.999
356 8.8875 1.01192 96.8685 1.00985 193.681
357 8.9125 1.01525 97.7189 1.00986 195.373
358 8.9375 1.00728 98.5674 1.01253 197.079
359 8.9625 1.00832 99.4215 1.01185 198.793
360 8.9875 1.01163 100.283 1.01244 200.518
361 9.0125 1.00887 101.147 1.01203 202.252
362 9.0375 1.01216 102.019 1.01216 203.995
363 9.0625 1.0102 102.894 1.01102 205.746
364 9.0875 1.01142 103.775 1.01158 207.508
365 9.1125 1.00605 104.656 1.01331 209.283
366 9.1375 1.01148 105.546 1.01167 211.065
367 9.1625 1.01391 106.444 1.01328 212.859
368 9.1875 1.01291 107.346 1.01089 214.658
369 9.2125 1.01586 108.255 1.01491 216.475
370 9.2375 1.01439 109.168 1.00941 218.292
371 9.2625 1.01281 110.084 1.0101 220.119
372 9.2875 1.01202 111.005 1.01209 221.961
373 9.3125 1.01034 111.929 1.00871 223.806
374 9.3375 1.00995 112.857 1.01128 225.665
375 9.3625 1.01173 113.792 1.00953 227.532
376 9.3875 1.01098 114.732 1.00924 229.407
377 9.4125 1.01301 115.678 1.01036 231.295
378 9.4375 1.01055 116.628 1.01033 233.193
379 9.4625 1.00683 117.578 1.01021 235.101
380 9.4875 1.00823 118.535 1.00836 237.015
381 9.5125 1.00408 119.493 1.00603 238.935
382 9.5375 1.00639 120.459 1.0083 240.87
383 9.5625 1.00755 121.43 1.00894 242.816
384 9.5875 1.00982 122.409 1.00648 244.767
385 9.6125 1.00994 123.393 1.00748 246.73
386 9.6375 1.01109 124.384 1.0074 248.704
387 9.6625 1.01294 125.381 1.00792 250.688
388 9.6875 1.00798 126.378 1.00669 252.681
389 9.7125 1.00745 127.381 1.00834 254.687
390 9.7375 1.00582 128.386 1.00679 256.701
391 9.7625 1.00192 129.393 1.0068 258.724
392 9.7875 1.00077 130.404 1.0094 260.764
393 9.8125 1.00277 131.423 1.00572 262.806
394 9.8375 1.004 132.447 1.00669 264.861
395 9.8625 1.00063 133.474 1.00804 266.929
396 9.8875 0.999005 134.503 1.00618 269.003
397 9.9125 0.998344 135.538 1.00679 271.09
398 9.9375 0.998846 136.578 1.0067 273.187
399 9.9625 1.00379 137.629 1.00761 275.296
400 9.9875 1.00179 138.683 1.00667 277.414
