# Time-averaged data for fix outW
# TimeStep Number-of-rows
# Row c_grW[1] c_grW[2] c_grW[3] c_grW[4] c_grW[5] c_grW[6] c_grW[7]
20000000 400
1 0.0125 0 0 0 0 0 0
2 0.0375 0 0 0 0 0 0
3 0.0625 0 0 0 0 0 0
4 0.0875 0 0 0 0 0 0
5 0.1125 0 0 0 0 0 0
6 0.1375 0 0 0 0 0 0
7 0.1625 0 0 0 0 0 0
8 0.1875 0 0 0 0 0 0
9 0.2125 0 0 0 0 0 0
10 0.2375 0 0 0 0 0 0
11 0.2625 0 0 0 0 0 0
12 0.2875 0 0 0 0 0 0
13 0.3125 0 0 0 0 0 0
14 0.3375 0 0 0 0 0 0
15 0.3625 0 0 0 0 0 0
16 0.3875 0 0 0 0 0 0
17 0.4125 0 0 0 0 0 0
18 0.4375 0 0 0 0 0 0
19 0.4625 0 0 0 0 0 0
20 0.4875 0 0 0 0 0 0
21 0.5125 0 0 0 0 0 0
22 0.5375 0 0 0 0 0 0
23 0.5625 0 0 0 0 0 0
24 0.5875 0 0 0 0 0 0
25 0.6125 0 0 0 0 0 0
26 0.6375 0 0 0 0 0 0
27 0.6625 0 0 0 0 0 0
28 0.6875 0 0 0 0 0 0
29 0.7125 0 0 0 0 0 0
30 0.7375 0 0 0 0 0 0
31 0.7625 0 0 0 0 0 0
32 0.7875 0 0 0 0 0 0
33 0.8125 0 0 0 0 0 0
34 0.8375 0 0 0 0 0 0
35 0.8625 0 0 0 0 0 0
36 0.8875 0 0 0 0 0 0
37 0.9125 0 0 0 0 0 0
38 0.9375 0 0 0 0 0 0
39 0.9625 0 0 0 0 0 0
40 0.9875 0 0 0 0 0 0
41 1.0125 0 0 0 0 0 0
42 1.0375 0 0 0 0 0 0
43 1.0625 0 0 0 0 0 0
44 1.0875 0 0 0 0 0 0
45 1.1125 0 0 0 0 0 0
46 1.1375 0 0 0 0 0 0
47 1.1625 0 0 0 0 0 0
48 1.1875 0 0 0 0 3.2866e-07 9.76563e-09
49 1.2125 0 0 0 0 6.30494e-07 2.92969e-08
50 1.2375 0 0 0 0 0 2.92969e-08
51 1.2625 0 0 0 0 1.45386e-06 7.8125e-08
52 1.2875 0 0 0 0 2.7959e-06 1.75781e-07
53 1.3125 0 0 0 0 5.38081e-06 3.71094e-07
54 1.3375 0 0 0 0 1.3472e-05 8.78906e-07
55 1.3625 2.49414e-07 9.76563e-09 0 0 2.7712e-05 1.96289e-06
56 1.3875 2.04431e-05 8.39844e-07 0 0 7.19819e-05 4.88281e-06
57 1.4125 0.000165233 7.79297e-06 0 0 0.000146811 1.10547e-05
58 1.4375 0.00103586 5.29395e-05 0 0 0.000281928 2.33301e-05
59 1.4625 0.00473231 0.000266426 0 0 0.000507691 4.62109e-05
60 1.4875 0.0165947 0.00104087 0 0 0.000990965 9.24121e-05
61 1.5125 0.0475275 0.00333406 0 0 0.00179418 0.000178896
62 1.5375 0.11216 0.00892615 0 0 0.0030756 0.00033209
63 1.5625 0.223808 0.0204506 0 0 0.0051442 0.000596719
64 1.5875 0.389278 0.041142 0 0 0.0083445 0.00103982
65 1.6125 0.601201 0.0741123 0 0 0.0129546 0.00174957
66 1.6375 0.841016 0.121675 0 0 0.0197175 0.00286359
67 1.6625 1.08005 0.184636 0 0 0.029096 0.00455807
68 1.6875 1.29146 0.262202 0 0 0.0415303 0.00704997
69 1.7125 1.45293 0.35207 0 0 0.0580439 0.0106367
70 1.7375 1.55437 0.451041 0 0 0.0787694 0.0156472
71 1.7625 1.59332 0.555433 0 0 0.104509 0.0224877
72 1.7875 1.57917 0.661853 0 0 0.135788 0.0316295
73 1.8125 1.51937 0.767126 0 0 0.173096 0.0436113
74 1.8375 1.42889 0.868881 0 0 0.215899 0.058971
75 1.8625 1.31844 0.965343 0 0 0.264582 0.0783098
76 1.8875 1.19803 1.05536 0 0 0.318598 0.102226
77 1.9125 1.07735 1.13847 0 0 0.377917 0.131352
78 1.9375 0.960338 1.21451 0 0 0.441467 0.16627
79 1.9625 0.850863 1.28362 0 0 0.508995 0.207576
80 1.9875 0.751745 1.34626 0 0 0.579013 0.255769
81 2.0125 0.662759 1.40287 0 0 0.651123 0.311335
82 2.0375 0.584122 1.45401 0 0 0.724393 0.374699
83 2.0625 0.515579 1.50027 0 0 0.797143 0.446149
84 2.0875 0.456763 1.54225 0 0 0.869326 0.525969
85 2.1125 0.406341 1.5805 0 0 0.938621 0.614228
86 2.1375 0.363063 1.61548 0 0 1.00596 0.711071
87 2.1625 0.326175 1.64765 0 0 1.06814 0.816319
88 2.1875 0.295041 1.67743 0 0 1.12627 0.929877
89 2.2125 0.269562 1.70526 0 0 1.17914 1.0515
90 2.2375 0.247887 1.73144 0 0 1.22519 1.18074
91 2.2625 0.230056 1.75627 0 0 1.2648 1.31716
92 2.2875 0.215942 1.78011 0 0 1.29694 1.46015
93 2.3125 0.204951 1.80322 0 0 1.3225 1.60917
94 2.3375 0.196511 1.82587 0 0 1.33931 1.76336
95 2.3625 0.19063 1.84831 4.65473e-06 2.73438e-07 1.34857 1.92196
96 2.3875 0.187927 1.8709 7.32497e-05 4.66797e-06 1.3507 2.08418
97 2.4125 0.187165 1.89388 0.000583481 4.04102e-05 1.34426 2.24903
98 2.4375 0.189355 1.9176 0.0034791 0.000257969 1.33076 2.41563
99 2.4625 0.194127 1.94243 0.0150424 0.00121801 1.30929 2.58292
100 2.4875 0.201724 1.96876 0.050819 0.00452758 1.28252 2.75013
101 2.5125 0.212275 1.99702 0.138046 0.0136994 1.24938 2.91631
102 2.5375 0.225454 2.02764 0.308851 0.03463 1.2116 3.08069
103 2.5625 0.242206 2.06118 0.587728 0.0752484 1.16994 3.24256
104 2.5875 0.262438 2.09824 0.975087 0.143959 1.12559 3.40134
105 2.6125 0.286072 2.13942 1.43959 0.247371 1.07918 3.55654
106 2.6375 0.312834 2.18532 1.92811 0.388539 1.0321 3.70782
107 2.6625 0.343815 2.23672 2.37739 0.565916 0.986297 3.85514
108 2.6875 0.378126 2.29432 2.73502 0.773826 0.941953 3.99849
109 2.7125 0.41582 2.35885 2.9694 1.00377 0.900396 4.13808
110 2.7375 0.456998 2.43108 3.07222 1.24609 0.862818 4.27432
111 2.7625 0.502099 2.5119 3.05832 1.49173 0.827864 4.40743
112 2.7875 0.550577 2.60213 2.95286 1.73322 0.798719 4.5382
113 2.8125 0.602423 2.70263 2.77732 1.96444 0.773433 4.66711
114 2.8375 0.6586 2.81447 2.5661 2.18189 0.753006 4.79485
115 2.8625 0.718247 2.93859 2.33972 2.38367 0.737259 4.92214
116 2.8875 0.782133 3.07613 2.11505 2.56927 0.725043 5.04952
117 2.9125 0.849818 3.22817 1.90242 2.73912 0.716976 5.17766
118 2.9375 0.921595 3.39589 1.70953 2.89438 0.712465 5.3072
119 2.9625 0.995544 3.58017 1.54192 3.0368 0.709951 5.43849
120 2.9875 1.0726 3.78208 1.39639 3.16798 0.711388 5.57227
121 3.0125 1.14991 4.00218 1.27332 3.2896 0.714646 5.70892
122 3.0375 1.22738 4.24102 1.17298 3.4035 0.720678 5.84902
123 3.0625 1.29947 4.49807 1.09034 3.51113 0.728265 5.99294
124 3.0875 1.36709 4.77293 1.02392 3.61386 0.737453 6.14106
125 3.1125 1.42728 5.06455 0.970557 3.71282 0.747942 6.29373
126 3.1375 1.47813 5.37144 0.928767 3.80905 0.759609 6.45129
127 3.1625 1.51804 5.69165 0.896292 3.90339 0.772372 6.61405
128 3.1875 1.54653 6.02306 0.871995 3.99664 0.786088 6.78234
129 3.2125 1.56497 6.36369 0.854011 4.0894 0.800773 6.95647
130 3.2375 1.57256 6.71133 0.841593 4.18224 0.816235 7.13673
131 3.2625 1.57183 7.06419 0.832949 4.27556 0.83256 7.32345
132 3.2875 1.56241 7.42033 0.827479 4.36968 0.849299 7.51685
133 3.3125 1.54629 7.77818 0.82574 4.46504 0.866032 7.71708
134 3.3375 1.52491 8.13642 0.825897 4.56187 0.88336 7.9244
135 3.3625 1.50038 8.49421 0.826221 4.66019 0.90131 8.13912
136 3.3875 1.47265 8.85062 0.828792 4.76028 0.919935 8.36155
137 3.4125 1.44369 9.20521 0.83145 4.86219 0.937876 8.59167
138 3.4375 1.41247 9.55722 0.835244 4.96607 0.956525 8.82983
139 3.4625 1.3817 9.90659 0.840228 5.07209 0.974821 9.07608
140 3.4875 1.35032 10.253 0.845288 5.18029 0.992723 9.33048
141 3.5125 1.3195 10.5963 0.851658 5.29088 1.01105 9.59331
142 3.5375 1.28867 10.9365 0.858264 5.40392 1.0282 9.86442
143 3.5625 1.2585 11.2733 0.864915 5.51945 1.04562 10.144
144 3.5875 1.22878 11.6069 0.871097 5.63745 1.062 10.432
145 3.6125 1.20021 11.9372 0.878304 5.75809 1.07797 10.7284
146 3.6375 1.17333 12.2646 0.885662 5.88142 1.09301 11.0332
147 3.6625 1.14719 12.5892 0.892985 6.00749 1.10723 11.3461
148 3.6875 1.12307 12.9113 0.901206 6.13647 1.11995 11.667
149 3.7125 1.10113 13.2314 0.908105 6.2682 1.13164 11.9956
150 3.7375 1.08062 13.5497 0.917418 6.40308 1.14202 12.3317
151 3.7625 1.06315 13.8672 0.924871 6.54088 1.15145 12.6752
152 3.7875 1.04724 14.184 0.932699 6.6817 1.15902 13.0255
153 3.8125 1.03345 14.5008 0.941168 6.82568 1.16507 13.3823
154 3.8375 1.02197 14.8182 0.948429 6.97268 1.1687 13.745
155 3.8625 1.01203 15.1367 0.955886 7.12277 1.17204 14.1134
156 3.8875 1.00367 15.4566 0.964807 7.27624 1.1728 14.4869
157 3.9125 0.99732 15.7786 0.972601 7.43293 1.17152 14.8647
158 3.9375 0.992001 16.103 0.981254 7.59305 1.16818 15.2463
159 3.9625 0.987761 16.4301 0.989882 7.75663 1.16307 15.6311
160 3.9875 0.984392 16.7602 0.998382 7.92371 1.15719 16.0188
161 4.0125 0.98171 17.0935 1.00652 8.09427 1.14937 16.4087
162 4.0375 0.979192 17.4302 1.01412 8.26826 1.14043 16.8004
163 4.0625 0.978031 17.7706 1.02356 8.44605 1.13068 17.1936
164 4.0875 0.976485 18.1147 1.0313 8.6274 1.12091 17.5882
165 4.1125 0.975198 18.4626 1.03935 8.81241 1.1102 17.9838
166 4.1375 0.974131 18.8143 1.04701 9.00105 1.09975 18.3805
167 4.1625 0.973178 19.1699 1.05457 9.19336 1.09028 18.7785
168 4.1875 0.97176 19.5293 1.06165 9.3893 1.08066 19.1778
169 4.2125 0.970766 19.8926 1.06806 9.58877 1.072 19.5786
170 4.2375 0.969606 20.2598 1.07443 9.79183 1.064 19.9812
171 4.2625 0.968301 20.6309 1.07904 9.99817 1.05713 20.3859
172 4.2875 0.967565 21.006 1.08565 10.2082 1.05105 20.793
173 4.3125 0.966425 21.3851 1.08976 10.4215 1.04596 21.2029
174 4.3375 0.964882 21.768 1.09375 10.6381 1.04139 21.6157
175 4.3625 0.963408 22.1547 1.09772 10.858 1.03802 22.0319
176 4.3875 0.961775 22.5452 1.10056 11.081 1.03512 22.4518
177 4.4125 0.960488 22.9396 1.10342 11.3071 1.03304 22.8756
178 4.4375 0.959646 23.3381 1.10537 11.5362 1.03108 23.3034
179 4.4625 0.958239 23.7406 1.10596 11.768 1.02966 23.7354
180 4.4875 0.957025 24.1471 1.10588 12.0023 1.02828 24.1717
181 4.5125 0.955835 24.5576 1.10638 12.2395 1.02721 24.6124
182 4.5375 0.955311 24.9724 1.10436 12.4788 1.02597 25.0575
183 4.5625 0.954312 25.3914 1.10343 12.7205 1.0252 25.5072
184 4.5875 0.954423 25.815 1.10216 12.9646 1.02427 25.9614
185 4.6125 0.954306 26.2432 1.09955 13.2109 1.02288 26.4199
186 4.6375 0.954116 26.676 1.09616 13.459 1.02152 26.8828
187 4.6625 0.954781 27.1138 1.09387 13.7092 1.01975 27.3499
188 4.6875 0.955768 27.5567 1.08975 13.9613 1.01834 27.8214
189 4.7125 0.956728 28.0048 1.08573 14.215 1.01671 28.2971
190 4.7375 0.958216 28.4584 1.08148 14.4705 1.01441 28.7768
191 4.7625 0.960017 28.9176 1.07624 14.7274 1.01232 29.2606
192 4.7875 0.961666 29.3825 1.07043 14.9856 1.00982 29.7483
193 4.8125 0.963584 29.8532 1.06602 15.2455 1.00705 30.2397
194 4.8375 0.966007 30.33 1.06061 15.5067 1.00456 30.7351
195 4.8625 0.968271 30.8128 1.05513 15.7693 1.00185 31.2342
196 4.8875 0.970879 31.3019 1.04855 16.0329 0.998743 31.7369
197 4.9125 0.97387 31.7976 1.04266 16.2977 0.995863 32.2432
198 4.9375 0.976661 32.2998 1.03706 16.5638 0.992753 32.7532
199 4.9625 0.979517 32.8086 1.02991 16.8308 0.989604 33.2667
200 4.9875 0.982582 33.3241 1.02483 17.0991 0.986752 33.7839
201 5.0125 0.985489 33.8463 1.01865 17.3685 0.983402 34.3045
202 5.0375 0.988413 34.3753 1.01333 17.6391 0.980389 34.8287
203 5.0625 0.991158 34.911 1.00603 17.9105 0.977939 35.3568
204 5.0875 0.993888 35.4536 0.999755 18.1828 0.974886 35.8884
205 5.1125 0.996693 36.003 0.995138 18.4566 0.972263 36.4239
206 5.1375 0.999375 36.5594 0.989124 18.7313 0.969556 36.9631
207 5.1625 1.00204 37.1226 0.982444 19.0069 0.967435 37.5063
208 5.1875 1.0042 37.6926 0.976792 19.2836 0.96534 38.0537
209 5.2125 1.0063 38.2692 0.970469 19.5611 0.963274 38.6052
210 5.2375 1.00811 38.8525 0.965281 19.8398 0.961874 39.1611
211 5.2625 1.01021 39.4425 0.960233 20.1197 0.960379 39.7215
212 5.2875 1.01188 40.0392 0.954198 20.4004 0.959311 40.2866
213 5.3125 1.01355 40.6425 0.948918 20.6823 0.958547 40.8566
214 5.3375 1.0143 41.2519 0.943567 20.9652 0.957978 41.4317
215 5.3625 1.01527 41.8677 0.938824 21.2494 0.957901 42.0121
216 5.3875 1.01591 42.4896 0.933888 21.5346 0.957493 42.5976
217 5.4125 1.01644 43.1176 0.928781 21.821 0.957807 43.1889
218 5.4375 1.01667 43.7516 0.924235 22.1086 0.958427 43.7859
219 5.4625 1.01668 44.3914 0.919419 22.3974 0.959135 44.389
220 5.4875 1.01624 45.0369 0.915329 22.6875 0.960179 44.9982
221 5.5125 1.01593 45.688 0.912539 22.9793 0.961321 45.6137
222 5.5375 1.015 46.3444 0.910196 23.2731 0.962663 46.2357
223 5.5625 1.01445 47.0064 0.907667 23.5687 0.964494 46.8645
224 5.5875 1.01331 47.6736 0.905735 23.8663 0.966271 47.5001
225 5.6125 1.01225 48.3461 0.905276 24.1664 0.968082 48.1426
226 5.6375 1.01082 49.0237 0.904406 24.4689 0.970302 48.7924
227 5.6625 1.00921 49.7062 0.904334 24.7741 0.972317 49.4493
228 5.6875 1.00725 50.3934 0.905329 25.0823 0.974307 50.1133
229 5.7125 1.00534 51.0853 0.906528 25.3937 0.976815 50.785
230 5.7375 1.00319 51.7818 0.908243 25.7084 0.979337 51.4643
231 5.7625 1.00075 52.4827 0.910701 26.0266 0.98135 52.1509
232 5.7875 0.998452 53.188 0.913535 26.3487 0.983823 52.8452
233 5.8125 0.996069 53.8978 0.916902 26.6747 0.986046 53.5471
234 5.8375 0.993781 54.612 0.920737 27.0049 0.988484 54.2569
235 5.8625 0.991228 55.3305 0.924777 27.3395 0.990407 54.9741
236 5.8875 0.988722 56.0533 0.929413 27.6785 0.992397 55.6989
237 5.9125 0.986396 56.7806 0.934339 28.0223 0.994538 56.4314
238 5.9375 0.983812 57.5121 0.938276 28.3704 0.996258 57.1715
239 5.9625 0.981781 58.2482 0.943516 28.7235 0.998078 57.9191
240 5.9875 0.979588 58.9889 0.948367 29.0813 0.999594 58.6742
241 6.0125 0.977799 59.7344 0.953638 29.4441 1.00115 59.4368
242 6.0375 0.976034 60.4848 0.957701 29.8116 1.00226 60.2065
243 6.0625 0.974643 61.2403 0.962487 30.1839 1.00336 60.9835
244 6.0875 0.973255 62.001 0.967526 30.5612 1.00435 61.7678
245 6.1125 0.972078 62.767 0.972653 30.9437 1.00522 62.5591
246 6.1375 0.971223 63.5386 0.977447 31.3312 1.00604 63.3576
247 6.1625 0.970657 64.3161 0.982246 31.7238 1.00652 64.163
248 6.1875 0.970083 65.0994 0.986914 32.1215 1.00683 64.9752
249 6.2125 0.969885 65.8889 0.99155 32.5243 1.00717 65.7942
250 6.2375 0.96959 66.6845 0.995667 32.932 1.00735 66.62
251 6.2625 0.969741 67.4866 1.00014 33.3448 1.00719 67.4523
252 6.2875 0.970043 68.2954 1.00467 33.7629 1.00713 68.2912
253 6.3125 0.970707 69.1112 1.00852 34.1858 1.00695 69.1367
254 6.3375 0.971262 69.934 1.01157 34.6134 1.00661 69.9885
255 6.3625 0.972084 70.7639 1.01508 35.0459 1.00639 70.8469
256 6.3875 0.973137 71.6013 1.01846 35.4833 1.00619 71.7119
257 6.4125 0.974373 72.4464 1.02188 35.9255 1.00579 72.5834
258 6.4375 0.975278 73.2988 1.02463 36.3724 1.00531 73.4612
259 6.4625 0.976635 74.1591 1.02715 36.8239 1.00472 74.3453
260 6.4875 0.978262 75.0274 1.03012 37.2802 1.00425 75.2359
261 6.5125 0.979749 75.9038 1.03247 37.7411 1.00368 76.1328
262 6.5375 0.981508 76.7886 1.03525 38.2068 1.00322 77.0362
263 6.5625 0.983115 77.6815 1.03729 38.677 1.00279 77.9462
264 6.5875 0.984819 78.5829 1.03944 39.1517 1.0023 78.8627
265 6.6125 0.986649 79.4928 1.04142 39.631 1.00194 79.7857
266 6.6375 0.988359 80.4112 1.04259 40.1144 1.00152 80.7154
267 6.6625 0.990252 81.3382 1.04364 40.602 1.00141 81.652
268 6.6875 0.991981 82.2739 1.04466 41.0937 1.001 82.5953
269 6.7125 0.993901 83.2184 1.04615 41.5898 1.00078 83.5454
270 6.7375 0.995608 84.1716 1.04683 42.0899 1.00049 84.5024
271 6.7625 0.997113 85.1334 1.04697 42.5939 1.00042 85.4663
272 6.7875 0.999021 86.1041 1.04743 43.1017 1.00031 86.4373
273 6.8125 1.00059 87.0835 1.04756 43.6134 0.999967 87.4152
274 6.8375 1.00229 88.0718 1.04772 44.129 1 88.4003
275 6.8625 1.00408 89.0691 1.04713 44.648 0.999898 89.3924
276 6.8875 1.00563 90.0752 1.04723 45.1708 1.00019 90.3922
277 6.9125 1.00718 91.0902 1.04645 45.6971 1.00045 91.3994
278 6.9375 1.00845 92.1139 1.04637 46.2272 1.00041 92.4139
279 6.9625 1.01001 93.1465 1.04502 46.7603 1.00045 93.4358
280 6.9875 1.01128 94.1879 1.04382 47.2967 1.00069 94.4653
281 7.0125 1.01255 95.2381 1.04288 47.8365 1.00101 95.5024
282 7.0375 1.01358 96.2968 1.04137 48.3793 1.00124 96.5473
283 7.0625 1.01494 97.3645 1.03977 48.9251 1.00147 97.5998
284 7.0875 1.01602 98.4409 1.03806 49.474 1.00173 98.66
285 7.1125 1.01705 99.5261 1.03635 50.0257 1.00188 99.7279
286 7.1375 1.01783 100.62 1.03463 50.5805 1.00219 100.804
287 7.1625 1.01866 101.722 1.03272 51.1381 1.00255 101.887
288 7.1875 1.0194 102.833 1.03038 51.6983 1.00273 102.979
289 7.2125 1.01993 103.952 1.02866 52.2615 1.00308 104.078
290 7.2375 1.02054 105.079 1.02651 52.8274 1.00307 105.185
291 7.2625 1.02109 106.215 1.02435 53.3961 1.00341 106.301
292 7.2875 1.02148 107.359 1.02204 53.9673 1.00366 107.424
293 7.3125 1.0218 108.511 1.01978 54.5413 1.00371 108.554
294 7.3375 1.02202 109.672 1.01799 55.1181 1.00419 109.694
295 7.3625 1.02206 110.84 1.01567 55.6976 1.00421 110.841
296 7.3875 1.0223 112.017 1.01358 56.2798 1.00454 111.996
297 7.4125 1.02223 113.202 1.01156 56.8647 1.00463 113.159
298 7.4375 1.02212 114.394 1.00933 57.4524 1.00508 114.33
299 7.4625 1.0219 115.594 1.00806 58.0432 1.00514 115.51
300 7.4875 1.02166 116.802 1.00541 58.6364 1.00532 116.697
301 7.5125 1.02137 118.018 1.0038 59.2327 1.00539 117.893
302 7.5375 1.02075 119.241 1.00243 59.8321 1.00562 119.097
303 7.5625 1.02041 120.472 1.00098 60.4346 1.00559 120.308
304 7.5875 1.01963 121.71 0.999324 61.0401 1.0059 121.529
305 7.6125 1.01917 122.956 0.997994 61.6488 1.00612 122.757
306 7.6375 1.01832 124.209 0.996047 62.2603 1.00618 123.994
307 7.6625 1.01762 125.469 0.994564 62.8749 1.00642 125.239
308 7.6875 1.01677 126.736 0.993497 63.4929 1.00667 126.492
309 7.7125 1.01597 128.011 0.99266 64.1143 1.00686 127.754
310 7.7375 1.01507 129.292 0.991658 64.7392 1.00681 129.024
311 7.7625 1.01396 130.581 0.990624 65.3674 1.00703 130.303
312 7.7875 1.01312 131.877 0.989176 65.9988 1.00711 131.59
313 7.8125 1.01187 133.179 0.989015 66.6341 1.00726 132.885
314 7.8375 1.01071 134.489 0.988565 67.2732 1.00742 134.189
315 7.8625 1.0096 135.805 0.987872 67.916 1.00723 135.501
316 7.8875 1.00839 137.128 0.987666 68.5627 1.00725 136.821
317 7.9125 1.00737 138.459 0.987295 69.2133 1.00726 138.15
318 7.9375 1.00614 139.796 0.987313 69.868 1.00737 139.487
319 7.9625 1.00495 141.139 0.98703 70.5266 1.00716 140.833
320 7.9875 1.00378 142.49 0.986787 71.1892 1.00711 142.187
321 8.0125 1.00267 143.848 0.986691 71.8559 1.00703 143.549
322 8.0375 1.00156 145.212 0.987068 72.527 1.00696 144.919
323 8.0625 1.00048 146.584 0.986915 73.2022 1.00683 146.298
324 8.0875 0.999319 147.963 0.987003 73.8817 1.00674 147.686
325 8.1125 0.998262 149.348 0.987267 74.5655 1.00665 149.082
326 8.1375 0.997215 150.741 0.987939 75.2541 1.00625 150.486
327 8.1625 0.996239 152.141 0.988131 75.947 1.00602 151.898
328 8.1875 0.995221 153.548 0.988402 76.6444 1.00593 153.319
329 8.2125 0.994438 154.962 0.988946 77.3464 1.00548 154.748
330 8.2375 0.993346 156.384 0.989476 78.053 1.00525 156.185
331 8.2625 0.992709 157.813 0.990091 78.7644 1.00479 157.63
332 8.2875 0.992191 159.251 0.990678 79.4806 1.00466 159.084
333 8.3125 0.991437 160.696 0.991162 80.2014 1.00421 160.546
334 8.3375 0.990939 162.148 0.991845 80.927 1.00386 162.017
335 8.3625 0.990237 163.609 0.992555 81.6576 1.00348 163.495
336 8.3875 0.989812 165.078 0.992978 82.3928 1.00317 164.982
337 8.4125 0.989269 166.554 0.994 83.1332 1.0027 166.477
338 8.4375 0.988764 168.039 0.994727 83.8785 1.00235 167.981
339 8.4625 0.988552 169.532 0.995179 84.6286 1.00189 169.493
340 8.4875 0.98838 171.034 0.995757 85.3836 1.0015 171.013
341 8.5125 0.988139 172.544 0.99652 86.1436 1.00102 172.541
342 8.5375 0.987997 174.063 0.997251 86.9086 1.00052 174.078
343 8.5625 0.987944 175.59 0.997871 87.6786 1.00037 175.623
344 8.5875 0.987896 177.127 0.998278 88.4534 0.999834 177.177
345 8.6125 0.987902 178.672 0.998757 89.2331 0.999357 178.739
346 8.6375 0.988113 180.227 0.999077 90.0176 0.998918 180.309
347 8.6625 0.98809 181.791 0.999715 90.8072 0.998545 181.888
348 8.6875 0.988307 183.364 1.00015 91.6016 0.998282 183.475
349 8.7125 0.988542 184.947 1.00065 92.4011 0.997606 185.071
350 8.7375 0.988799 186.539 1.00071 93.2052 0.997246 186.675
351 8.7625 0.989225 188.141 1.00105 94.0141 0.997005 188.288
352 8.7875 0.989355 189.752 1.00157 94.8281 0.996561 189.909
353 8.8125 0.989728 191.373 1.00161 95.6468 0.996247 191.54
354 8.8375 0.99014 193.004 1.00175 96.4702 0.996073 193.179
355 8.8625 0.990459 194.645 1.00209 97.2986 0.995712 194.827
356 8.8875 0.991031 196.296 1.00217 98.1318 0.995363 196.483
357 8.9125 0.991527 197.957 1.00242 98.9698 0.995257 198.149
358 8.9375 0.992028 199.628 1.00242 99.8126 0.995081 199.824
359 8.9625 0.992577 201.31 1.00253 100.66 0.995022 201.508
360 8.9875 0.99314 203.002 1.00285 101.513 0.994905 203.201
361 9.0125 0.993527 204.704 1.00299 102.37 0.994721 204.903
362 9.0375 0.994018 206.416 1.00339 103.233 0.994598 206.615
363 9.0625 0.994501 208.139 1.00315 104.1 0.99449 208.336
364 9.0875 0.995027 209.872 1.00312 104.972 0.994552 210.067
365 9.1125 0.995412 211.615 1.00299 105.848 0.994711 211.807
366 9.1375 0.995956 213.369 1.00322 106.73 0.994705 213.557
367 9.1625 0.99653 215.133 1.00286 107.616 0.99478 215.317
368 9.1875 0.997178 216.909 1.0027 108.507 0.994829 217.086
369 9.2125 0.997499 218.694 1.00246 109.402 0.994977 218.865
370 9.2375 0.9981 220.49 1.00237 110.302 0.99517 220.654
371 9.2625 0.998485 222.297 1.0023 111.207 0.995227 222.453
372 9.2875 0.998811 224.114 1.00211 112.117 0.995488 224.263
373 9.3125 0.999323 225.942 1.00202 113.032 0.995607 226.082
374 9.3375 0.9997 227.78 1.00228 113.952 0.995805 227.911
375 9.3625 1.00004 229.629 1.0019 114.876 0.996111 229.751
376 9.3875 1.00046 231.489 1.00179 115.805 0.996399 231.601
377 9.4125 1.00081 233.359 1.00177 116.739 0.996469 233.461
378 9.4375 1.00117 235.24 1.00188 117.678 0.99674 235.332
379 9.4625 1.00148 237.131 1.00192 118.623 0.996988 237.213
380 9.4875 1.00169 239.032 1.00166 119.571 0.997407 239.105
381 9.5125 1.00189 240.944 1.0014 120.525 0.997615 241.007
382 9.5375 1.00214 242.867 1.00173 121.484 0.997923 242.919
383 9.5625 1.00232 244.8 1.00169 122.448 0.99824 244.843
384 9.5875 1.00255 246.744 1.0011 123.417 0.99849 246.776
385 9.6125 1.00261 248.698 1.00116 124.39 0.998715 248.721
386 9.6375 1.00289 250.662 1.00092 125.369 0.998983 250.676
387 9.6625 1.00286 252.637 1.00086 126.352 0.999292 252.642
388 9.6875 1.00317 254.623 1.00125 127.341 0.999613 254.618
389 9.7125 1.00307 256.618 1.00101 128.335 0.999951 256.606
390 9.7375 1.00328 258.625 1.00095 129.334 1.00011 258.604
391 9.7625 1.0033 260.641 1.00079 130.338 1.00031 260.613
392 9.7875 1.00352 262.669 1.00056 131.347 1.00068 262.633
393 9.8125 1.00336 264.707 1.00064 132.361 1.00095 264.663
394 9.8375 1.00326 266.754 1.00065 133.38 1.00098 266.704
395 9.8625 1.0034 268.813 1.00073 134.404 1.00132 268.756
396 9.8875 1.0033 270.881 1.00103 135.434 1.00146 270.819
397 9.9125 1.0032 272.96 1.00099 136.47 1.00168 272.893
398 9.9375 1.00329 275.05 1.00102 137.51 1.00204 274.978
399 9.9625 1.00319 277.15 1.00135 138.556 1.0022 277.074
400 9.9875 1.00313 279.26 1.00126 139.607 1.00239 279.181
