6
KJ
1  2  MORSE  251.0419414  2.005501  1.499574
1  5  MORSE  426.7713101  1.892486  1.090000
1  6  MORSE  426.7713101  1.892486  1.090000
1  7  MORSE  426.7713101  1.892486  1.090000
2  3  MORSE  390.3702976  2.459942  1.226747
2  4  MORSE  390.3702976  2.459942  1.226747

9
KJ
1  2  3  QUADRATIC  294.521116  117.039960
1  2  4  QUADRATIC  294.521116  117.039960
2  1  5  QUADRATIC  224.8140505  107.560708
2  1  6  QUADRATIC  224.8140505  107.560708
2  1  7  QUADRATIC  224.8140505  107.560708
3  2  4  QUADRATIC  657.8485115  125.890000
5  1  6  QUADRATIC  149.940293  111.321289
5  1  7  QUADRATIC  149.940293  111.321289
6  1  7  QUADRATIC  149.940293  111.321289

7
KJ
5  1  2  3  COSINE  0.27000  -90.0  3.0
5  1  2  4  COSINE  0.27000  90.0  3.0
6  1  2  3  COSINE  0.27000  -90.0  3.0
6  1  2  4  COSINE  0.27000  90.0  3.0
7  1  2  3  COSINE  0.27000  -90.0  3.0
7  1  2  4  COSINE  0.27000  90.0  3.0
1  3  4  2  COSINE  120.18538  180.0  2.0
