0
CM

9
CM
1  2  3  QUADRATIC  26064.890255812497  117.15586772023306
1  2  4  QUADRATIC  26064.890255812497  117.15593816651936
2  1  5  QUADRATIC  18784.02831287858  106.51597259356411
2  1  6  QUADRATIC  18784.02831287858  108.00819542861649
2  1  7  QUADRATIC  18784.02831287858  108.0081206904817
3  2  4  QUADRATIC  46402.33281163589  125.66389614146078
5  1  6  QUADRATIC  12561.139026367673  110.53798475106196
5  1  7  QUADRATIC  12561.139026367673  110.53792139525763
6  1  7  QUADRATIC  12561.139026367673  112.9584858221211

7
CM
5  1  2  3  DCOSMULT3EQ  4.527817576007919  -89.15378089186372
6  1  2  3  DCOSMULT3EQ  4.527817576007919  152.08460382234432
7  1  2  3  DCOSMULT3EQ  4.527817576007919  29.60772155143406
5  1  2  4  DCOSMULT3EQ  4.527817576007919  89.15591092550179
6  1  2  4  DCOSMULT3EQ  4.527817576007919  -29.605704360290208
7  1  2  4  DCOSMULT3EQ  4.527817576007919  -152.08258663120046
1  3  4  2  DCOSMULT2  11851.595619523743  1.2015369009165864
