Initialized molecule of 7 atoms, got 20000 configurations.
18 stretches and 9 types
9 bends and 4 types
7 dihedrals and 2 types
Stretch coordinates:
 1           1.5037393733   [1 2]
 2           1.5037393733   [1 2]
 3           1.5037393733   [1 2]
 4           1.0902521836   [1 5]
 5           1.0863729466   [1 6]
 6           1.0863730719   [1 7]
 7           1.0902521836   [1 5]
 8           1.0863729466   [1 6]
 9           1.0863730719   [1 7]
10           1.0902521836   [1 5]
11           1.0863729466   [1 6]
12           1.0863730719   [1 7]
13           1.2213234100   [2 3]
14           1.2213236709   [2 4]
15           1.2213234100   [2 3]
16           1.2213236709   [2 4]
17           1.2213234100   [2 3]
18           1.2213236709   [2 4]

Bend coordinates:
 1           2.0447556297         117.1558677202   [1 2 3]
 2           2.0447568593         117.1559381665   [1 2 4]
 3           1.8590544277         106.5159725936   [2 1 5]
 4           1.8850986294         108.0081954286   [2 1 6]
 5           1.8850973249         108.0081206905   [2 1 7]
 6           2.1932487386         125.6638961415   [3 2 4]
 7           1.9292517824         110.5379847511   [5 1 6]
 8           1.9292506767         110.5379213953   [5 1 7]
 9           1.9714974957         112.9584858221   [6 1 7]

Dihedral coordinates:
 1          -1.5560270172         -89.1537808919   [5 1 2 3]
 2           2.6543770783         152.0846038223   [6 1 2 3]
 3           0.5167522251          29.6077215514   [7 1 2 3]
 4           1.5560641933          89.1559109255   [5 1 2 4]
 5          -0.5167170185         -29.6057043603   [6 1 2 4]
 6          -2.6543418717        -152.0825866312   [7 1 2 4]
 7           0.0209707750           1.2015369009   [1 3 4 2]

Stretches: Type, Form, Coef
 1  quadratic               94225.17        269.4033328778       1127.1835447607
 2  cubic                 -300477.46       -859.1083814641      -3594.5094680460
 3  quartic                786084.59       2247.5291603450       9403.6620068835
 4  quadratic              133751.97        382.4161592409       1600.0292102639
 5  cubic                 -280724.99       -802.6332259386      -3358.2174173270
 6  quartic                518932.87       1483.7038737681       6207.8170078456
 7  quadratic              260938.91        746.0619713370       3121.5232880739
 8  cubic                 -714496.82      -2042.8494266122      -8547.2820009455
 9  quartic               2049174.97       5858.8866599381      24513.5817851811
Bends: Type, Form, Coef
 1  quadratic               26073.14         74.5468718559        311.9041118449
 2  quadratic               18726.60         53.5420625658        224.0199897754
 3  quadratic               46302.74        132.3862220647        553.9039531188
 4  quadratic               12516.33         35.7859972570        149.7286125235
Dihedrals: Type, Form, Coef
 1  dcosmult3eq                11.34          0.0324138190          0.1356194187
 2  dcosmult2               11853.36         33.8904704261        141.7977282627

Mean relative error: 7.972324549280181
R^2: 0.8889857257211561

Morse coefs:
Type          D (cm-1)      a (A-1)            D (kcal/mol)            D (kj/mol)
 1             9265.67    3.1889300414         26.4918922874        110.8420773306
 2            30362.56    2.0988475684         86.8109359058        363.2169558299
 3            34802.94    2.7381765927         99.5066249885        416.3357189519

Morse coefs (alt):
Type          D (cm-1)      a (A-1)            D (kcal/mol)            D (kj/mol)
 1             6588.42    3.7817497641         18.8372450409         78.8150332511
 2            20109.72    2.5789748124         57.4965828222        240.5657025279
 3            19382.75    3.6691181739         55.4180836974        231.8692621898
