Initialized molecule of 7 atoms, got 20000 configurations.
18 stretches and 9 types
9 bends and 4 types
7 dihedrals and 2 types
Stretch coordinates:
 1           1.5037393733   [1 2]
 2           1.5037393733   [1 2]
 3           1.5037393733   [1 2]
 4           1.0902521836   [1 5]
 5           1.0863729466   [1 6]
 6           1.0863730719   [1 7]
 7           1.0902521836   [1 5]
 8           1.0863729466   [1 6]
 9           1.0863730719   [1 7]
10           1.0902521836   [1 5]
11           1.0863729466   [1 6]
12           1.0863730719   [1 7]
13           1.2213234100   [2 3]
14           1.2213236709   [2 4]
15           1.2213234100   [2 3]
16           1.2213236709   [2 4]
17           1.2213234100   [2 3]
18           1.2213236709   [2 4]

Bend coordinates:
 1           2.0447556297         117.1558677202   [1 2 3]
 2           2.0447568593         117.1559381665   [1 2 4]
 3           1.8590544277         106.5159725936   [2 1 5]
 4           1.8850986294         108.0081954286   [2 1 6]
 5           1.8850973249         108.0081206905   [2 1 7]
 6           2.1932487386         125.6638961415   [3 2 4]
 7           1.9292517824         110.5379847511   [5 1 6]
 8           1.9292506767         110.5379213953   [5 1 7]
 9           1.9714974957         112.9584858221   [6 1 7]

Dihedral coordinates:
 1          -1.5560270172         -89.1537808919   [5 1 2 3]
 2           2.6543770783         152.0846038223   [6 1 2 3]
 3           0.5167522251          29.6077215514   [7 1 2 3]
 4           1.5560641933          89.1559109255   [5 1 2 4]
 5          -0.5167170185         -29.6057043603   [6 1 2 4]
 6          -2.6543418717        -152.0825866312   [7 1 2 4]
 7           0.0209707750           1.2015369009   [1 3 4 2]

Stretches: Type, Form, Coef
 1  quadratic               94861.51        271.2227335550       1134.7959171941
 2  cubic                 -300569.13       -859.3704846015      -3595.6061075727
 3  quartic                770466.06       2202.8735483929       9216.8229264758
 4  quadratic              134806.44        385.4310603149       1612.6435563574
 5  cubic                 -282034.00       -806.3758608004      -3373.8766015888
 6  quartic                480673.30       1374.3142476248       5750.1308120620
 7  quadratic              262471.12        750.4427693754       3139.8525470669
 8  cubic                 -717820.64      -2052.3526896567      -8587.0436535236
 9  quartic               1977767.24       5654.7216599849      23659.3554253770
Bends: Type, Form, Coef
 1  quadratic               26223.15         74.9757733673        313.6986357687
 2  quadratic               18817.75         53.8026573806        225.1103184804
 3  quadratic               46526.71        133.0265581158        556.5831191563
 4  quadratic               12565.84         35.9275388771        150.3208226618
Dihedrals: Type, Form, Coef
 1  dcosmult390                 8.51          0.0243176147          0.1017448999
 2  dcosmult2               11897.39         34.0163641873        142.3244677595

Mean relative error: 7.966318132845234
R^2: 0.8888565037849396

Morse coefs:
Type          D (cm-1)      a (A-1)            D (kcal/mol)            D (kj/mol)
 1             9448.90    3.1685046210         27.0157730351        113.0339943789
 2            30798.46    2.0921403172         88.0572446818        368.4315117487
 3            35092.37    2.7348557057        100.3341423530        419.7980516050

Morse coefs (alt):
Type          D (cm-1)      a (A-1)            D (kcal/mol)            D (kj/mol)
 1             6813.08    3.7314131926         19.4795716847         81.5025279288
 2            22054.04    2.4723575180         63.0556728920        263.8249353800
 3            20319.11    3.5940857174         58.0952622103        243.0705770878
